-4.713107 -6.757108 3.695629 8.253451 3.251404 4.472319 5.169983 1.113065 7.541625 3.050049 0.587521 -1.356677 1.701122 -3.445084 5.679310 5.198986 4.244607 3.581157 -0.553694 -2.295998 0.501779 -7.243354 6.846391 8.277254 -6.706884 -5.732086 4.692369 -0.245352 2.349350 6.371994 -8.440526 7.636243 9.614885 5.255103 5.889694 2.866289 -0.272578 1.059677 -6.020646 -2.730953 -5.890273 4.566875 5.912370 5.810848 -8.878210 1.591680 1.009834 5.366397 -4.827162 -9.543860 -6.929601 5.674616 -6.787214 9.916790 3.951870 -3.494098 -5.815296 -1.355761 6.260550 6.534054 -4.983768 7.820024 4.170297 -5.368883 3.075127 0.059991 7.497407 -7.197451 -8.880332 -8.523239 0.071595 -4.770605 6.043635 -4.016034 -8.959757 7.165426 7.575646 2.050077 2.531823 -7.251516 2.506217 5.602222 8.423100 5.719003 5.519012 2.374969 -7.775096 9.703716 -8.980792 8.485455 6.237770 -3.964560 6.305479 0.408067 0.666557 -0.619395 -9.531942 -1.836036 2.183154 -8.412274
-6.757108 -7.745251 -3.182880 -4.315641 -1.761285 -2.142637 -7.150215 -4.185639 9.907441 5.381608 -1.437155 2.413658 0.983830 -3.014056 -1.867339 -3.497158 9.360913 0.357565 -3.793441 -9.619879 -1.156980 -7.555671 -3.584439 -4.851502 2.852396 7.082118 4.529103 3.320454 -4.753918 -3.287743 4.908180 4.886807 -1.032993 -8.274699 -9.428834 7.205722 -0.417336 -6.579049 -6.979917 -0.509895 8.802559 1.582928 -8.096238 -0.213611 8.568872 0.036423 6.289231 7.929785 -9.606012 -7.504210 8.309906 -0.762993 -5.059881 -5.274532 4.385506 7.792515 -8.192414 -1.085391 1.112970 -2.946332 5.626866 -3.978850 -8.059525 -5.406127 -2.253549 -7.488359 -8.200405 7.329115 -4.067408 -5.180322 -3.180781 -5.264850 6.402605 -1.277018 4.521539 4.971477 8.759405 0.810770 2.901262 9.153393 3.306560 1.211169 -1.609600 8.246679 5.936636 -7.224094 6.039194 7.744222 1.690515 -2.847836 -5.202110 -2.682619 3.173314 -3.261635 1.911254 -9.080235 -0.749995 3.710849 8.248879 5.182597
3.695629 -3.182880 9.917747 4.933133 3.791081 4.439286 -0.095390 2.550485 -4.749944 -7.194128 1.703878 8.556616 4.017041 -9.905722 6.803295 -0.046323 -7.129816 2.842489 -2.302100 4.560698 9.994653 2.495790 -8.121920 3.167967 9.234155 3.789334 4.087731 -1.515840 -2.499817 2.336611 -6.333243 -3.969290 7.404710 -6.415496 -9.036157 1.195790 8.023790 0.868452 -6.253724 -6.726153 3.674325 5.450154 -8.169537 -2.308634 5.544432 8.633758 7.645043 8.414616 1.476247 -4.657058 2.975314 1.470899 7.838732 4.853394 -5.361134 7.072887 -1.357273 8.726598 -4.442953 6.142910 1.063208 -0.776196 -7.826380 -1.532082 2.808308 -6.862537 9.663708 0.832099 4.005915 -6.590016 4.105945 -2.319760 8.860138 5.936408 5.371605 4.404569 4.570166 3.016648 2.819185 -3.953588 8.359591 -4.205501 7.517312 6.198323 -9.352107 -7.843822 3.271210 -0.709380 -9.117224 8.828257 -4.566470 1.945984 -1.947939 -2.392849 -9.586098 -9.139631 0.744614 -9.922390 1.692468 -5.249471
8.253451 -4.315641 4.933133 -7.652269 -8.265179 -2.197625 6.752301 6.304987 -9.180977 -0.428514 -7.648601 9.178613 5.365985 9.868711 5.376936 6.013877 -7.975111 -1.351854 -4.695502 -7.092335 -2.523597 0.738028 4.853648 5.528463 8.345179 5.267550 6.388832 -0.910208 5.345160 -1.918700 3.840322 8.832753 3.879713 -3.728909 -8.819516 5.614534 4.073465 7.932785 1.919521 4.892488 -2.495729 4.270920 4.071102 -7.129745 4.139631 -0.551962 8.884133 6.164520 8.096184 -5.811370 9.072184 -4.427413 4.926658 3.925833 -8.898950 3.271837 -0.806617 7.489882 -7.638371 -5.461457 -4.428819 6.201951 -6.628704 9.450894 -7.526958 -5.448220 5.065428 6.546507 -7.515435 -3.015052 1.438996 -0.011164 -8.744132 -4.489903 2.859091 5.395499 4.958135 1.743224 1.560018 3.054319 5.931854 0.632203 8.626906 0.858513 -5.441964 9.727956 -5.869651 3.751419 7.217838 -3.508021 8.289962 -7.210981 -7.306070 -8.338743 -7.760087 -4.833029 -3.786962 7.305341 -8.286521 -1.302397
3.251404 -1.761285 3.791081 -8.265179 8.662572 1.545530 -9.058345 3.620707 -6.711246 2.501674 -3.324974 9.220608 -6.866123 -4.698068 0.079121 -2.308087 -4.970112 4.209471 -8.556668 -7.752274 -9.298551 9.733293 -4.963255 -6.604621 -8.605449 -2.723342 -1.437650 -2.392412 -5.418001 0.275829 6.305191 -1.127712 -6.571697 4.991630 4.418445 -7.909125 -3.462840 5.360100 5.711582 -0.174086 -2.138226 -7.613392 -0.953478 0.995651 -2.311459 9.125643 8.687563 2.718429 3.335114 -9.869105 4.966155 4.036563 9.864188 -9.997100 7.431942 -8.741261 -2.720442 -4.005708 -1.133673 1.861557 6.270122 -4.828482 -9.266155 9.698425 -9.836852 5.152290 -8.210700 -3.299692 0.512390 7.500882 6.526221 8.374164 9.887490 -4.427257 -0.630186 -2.423970 -5.301613 -1.942622 -9.705541 8.033500 -1.811727 5.260614 2.070063 -1.947539 5.263515 -0.497995 -0.688801 -7.456927 5.496298 8.177526 4.404630 1.766419 -6.650956 5.138475 1.464844 -6.487808 0.290765 3.254144 0.212500 -9.196845
4.472319 -2.142637 4.439286 -2.197625 1.545530 -1.452868 8.218546 7.009851 6.604510 8.513005 5.043352 -5.207217 3.773619 -2.886585 2.845244 -0.962866 6.615420 -7.843557 1.580207 2.111718 -9.666031 -4.015163 -6.121862 -6.316986 -8.876688 5.342982 -2.804794 1.414077 -1.402874 7.407705 2.217232 9.352152 -5.853574 1.394550 -0.005333 6.457891 9.941683 -1.786787 3.467742 6.546193 -3.273782 -1.488907 -8.661024 -9.500162 5.624508 4.184220 -0.463028 2.239929 6.340663 -8.882821 -5.648353 6.674632 -2.897984 -1.770215 -9.642354 -1.774672 -6.427233 -2.447148 9.639405 2.169893 -5.039443 1.856637 1.522045 -0.893017 -6.748813 -8.483287 -4.435126 -6.807130 -0.270074 9.032615 9.739063 6.456144 -2.456291 -8.921962 6.955982 -6.831783 5.262258 -3.507047 5.408146 1.602921 -2.389868 9.759793 -1.722447 4.712147 -2.010422 -1.364801 -7.062525 1.562345 6.188050 -7.423120 -6.267762 -8.851393 4.433517 5.254284 0.255590 7.684705 6.770996 5.820464 -9.122426 -3.499078
5.169983 -7.150215 -0.095390 6.752301 -9.058345 8.218546 -4.434995 6.956933 -3.593998 -9.026849 -1.440146 4.016133 -9.267056 6.837407 -1.271719 -1.277479 -4.527394 1.665756 -9.715134 -8.339344 4.242637 -5.982896 -7.190736 -1.323846 9.271388 3.064854 -3.639142 6.042384 -1.114682 -2.761567 -7.456693 -6.261603 -2.144931 -4.499627 -3.864815 -0.450256 -4.586579 1.700190 -3.493323 1.819423 2.673341 5.066531 -4.164444 3.406285 1.903938 4.563837 -7.871194 7.376544 -3.770407 -7.586328 9.037200 -9.527770 -3.569224 -8.153536 -0.851616 -4.297836 4.911318 5.509242 -8.255452 -6.203365 -7.252325 -5.712145 -2.464968 0.602744 -0.211773 3.670218 -9.847511 5.201648 -4.629592 -3.340834 -2.978929 8.043749 -8.274303 2.856627 1.450034 3.629635 -2.579536 3.578839 1.006179 3.650057 5.992511 0.043380 4.122286 -7.576713 1.889844 -6.729330 -1.874549 -3.198839 8.779912 -0.130001 0.597797 -8.472413 4.157853 8.132829 2.130331 -6.053919 1.803047 2.282819 9.147729 7.173455
1.113065 -4.185639 2.550485 6.304987 3.620707 7.009851 6.956933 -3.554109 -9.753924 -4.696503 -9.904052 6.238588 5.346877 4.218234 8.661875 -2.763280 7.488904 -3.212674 4.037882 6.268816 6.657324 -5.364322 7.796403 0.815178 -7.231493 -0.073267 4.761259 4.571554 -7.790447 3.908988 1.745008 -8.848462 -9.922212 -3.037788 -8.180779 9.103216 3.629449 6.116538 -4.450893 3.875525 -8.579964 -4.354946 0.114113 6.766913 9.863289 -1.224013 -5.996367 7.352193 5.563313 8.041515 3.621009 2.220637 -7.322807 1.417411 -6.964185 -4.554300 -8.655856 7.797074 -9.982746 -6.446303 1.706062 1.762262 -5.294765 1.783850 8.724474 -3.475544 0.887066 2.353923 -7.359006 6.436173 -3.770552 -5.938970 -7.918773 6.343560 -9.172057 -8.055484 -4.880452 -5.168424 9.296708 -9.317140 -7.126910 2.917717 2.903498 -4.449717 -5.664872 5.939313 0.995983 -4.320728 3.736386 1.013237 -0.767031 -4.557552 -7.224500 3.938204 7.226298 -8.500026 -9.537340 -1.886636 3.853896 -6.896346
7.541625 9.907441 -4.749944 -9.180977 -6.711246 6.604510 -3.593998 -9.753924 2.824202 -2.128012 -7.770687 5.697293 -9.210296 5.132810 -8.752424 -4.875168 1.072123 2.243559 0.804104 -5.191491 -6.743203 -9.962926 0.250957 -3.967704 3.975278 -2.522744 -2.467730 4.437938 5.590620 -8.613833 7.541592 -9.859843 -8.530489 -5.293724 -3.229079 7.896415 2.698903 5.346200 9.442868 -4.476895 -6.781812 -8.327820 -8.779603 -5.992108 6.804990 -7.532027 -0.867276 -2.122887 4.711533 9.936828 2.685622 7.968330 9.973902 -7.063421 -5.999374 3.949180 0.413835 1.532896 -1.612882 -3.995545 2.919063 -4.071290 -3.855388 4.388574 0.634986 2.915533 2.284989 -6.666111 -1.738267 1.727857 -1.143007 1.479921 3.400037 0.077391 5.487813 0.205027 2.545364 -5.379463 8.082140 -2.743103 -5.442635 0.767762 -4.774774 -5.468733 3.704341 -0.774148 8.480447 -5.881824 -9.241252 -3.132436 0.122631 3.677811 2.796274 6.267242 -1.933615 -6.568740 -0.817225 -9.648626 -3.234851 7.444508
3.050049 5.381608 -7.194128 -0.428514 2.501674 8.513005 -9.026849 -4.696503 -2.128012 3.766435 -4.498207 3.590144 -5.465803 0.727019 8.121411 8.238539 9.952871 6.601858 -7.643285 -9.288381 -6.530578 2.479345 4.389430 6.265696 -1.253413 -7.544185 9.696956 7.929362 -7.192811 -3.537895 5.373870 4.886420 -7.915753 -5.701701 -9.634313 -2.216220 -1.289459 6.049982 -3.971324 7.743320 -0.183583 1.530469 1.333464 4.350615 -7.742511 -0.545125 2.589154 -7.789640 -3.943268 4.945868 -7.078021 -0.473846 -2.574787 7.311410 -4.208150 6.171801 9.767225 -4.511193 4.101163 -7.425586 1.950912 -0.524966 7.460833 4.035159 3.773333 7.826520 -8.181061 -7.516127 3.876502 -2.152384 -9.772807 -6.307080 9.378085 1.560657 8.043535 -8.364426 -8.984469 0.632689 -6.154067 -2.927737 -4.421443 -3.232088 6.598418 3.003770 -5.920678 -7.609732 -0.824429 -6.153453 -2.120925 -6.723266 -3.579039 9.829987 2.751768 -6.118206 3.865146 -3.474900 -8.291686 5.684086 -0.991026 5.584817
0.587521 -1.437155 1.703878 -7.648601 -3.324974 5.043352 -1.440146 -9.904052 -7.770687 -4.498207 -1.115382 3.532517 5.159206 -4.516964 -3.463713 9.238528 -2.126696 5.711858 -6.914925 5.752379 8.988592 -0.493965 5.582366 1.740360 3.387829 -0.552488 8.265461 5.096143 -4.868402 -2.725566 0.680959 -1.336701 6.510601 -0.041304 1.573085 7.307424 -2.720033 6.118445 9.119779 5.233927 -5.490262 -1.995603 -1.233557 9.668944 3.487433 5.302730 8.907471 -8.639264 1.014588 -8.007454 7.113115 0.003180 1.498581 2.695481 -8.256460 -5.113590 -7.857007 -9.990999 9.982553 -2.725410 -2.716565 0.663512 5.937889 -6.205964 -9.377792 -2.489026 -8.898539 -2.097825 -6.370581 -9.778760 -6.863898 -1.860843 -1.774363 1.902545 -2.191899 -8.286931 -2.794725 -3.284428 -6.926194 8.219863 -1.291882 -9.813079 -1.776957 -9.793301 2.882401 -0.033417 -4.906892 5.025394 -0.024416 -4.924339 -7.700015 7.259019 5.739173 8.237874 -8.946945 6.361381 -4.251152 -7.845485 -5.736445 -0.621733
-1.356677 2.413658 8.556616 9.178613 9.220608 -5.207217 4.016133 6.238588 5.697293 3.590144 3.532517 -9.250785 5.575187 2.950382 -9.044087 -1.542411 -7.083035 -3.950978 -6.517017 2.892549 1.124683 -4.217032 0.151567 -3.136145 -5.979158 1.204622 -6.774764 -0.230310 3.359137 -2.511209 9.147958 5.734892 4.888448 6.665382 -3.663716 4.190650 -8.009093 8.650745 -9.301874 4.032004 4.039011 -4.574534 4.781219 -0.385801 8.375848 5.737133 8.071787 -8.707187 -8.213846 -8.445230 4.185362 2.910837 -2.662262 -5.663071 9.774692 1.358580 5.541551 -7.000072 -8.871730 -1.099312 0.488720 -9.723772 -5.364420 -4.622832 6.941610 0.971864 9.567817 8.932517 -0.377391 -9.734056 2.964521 -6.338379 -4.308591 -2.254259 3.275819 -5.932743 -6.517127 1.347607 -4.639930 -4.730972 2.902377 9.545431 8.179865 -9.759885 -6.117640 7.954557 1.598695 9.423911 -9.045515 2.726965 -1.675401 1.443205 3.003192 2.960180 6.820373 -0.055198 -6.067956 6.388190 -1.122681 3.554653
1.701122 0.983830 4.017041 5.365985 -6.866123 3.773619 -9.267056 5.346877 -9.210296 -5.465803 5.159206 5.575187 1.318302 6.519347 4.982192 5.200662 4.473904 -3.419113 4.624573 5.428389 9.307852 -7.050828 -3.128406 2.311044 5.909352 -6.308033 -7.744154 9.841396 -9.919843 1.133165 3.396049 6.734291 2.975006 0.612323 9.079835 -7.437413 -8.895584 -4.507365 5.633041 -7.055884 7.265505 3.972523 7.686193 -1.416193 0.491870 2.668385 -6.215531 -5.034227 9.249272 8.409042 -9.605838 8.557123 -8.641786 -2.734244 0.868167 7.267566 0.957723 3.124014 7.108962 1.037881 -5.742821 0.505011 -2.227828 7.232185 -8.882666 -3.147994 9.794771 -7.778250 2.344642 5.427813 -4.834133 -0.389853 -0.599664 -7.147940 8.193954 9.892205 5.520445 -8.021577 -5.142021 4.769716 -9.612535 -4.747859 3.326840 -8.254321 2.517897 -5.804993 9.013245 -6.524380 7.319021 6.122207 4.513501 -8.423800 -3.372782 -7.714327 8.808384 -2.255448 -0.862321 8.603156 -0.033698 -8.517679
-3.445084 -3.014056 -9.905722 9.868711 -4.698068 -2.886585 6.837407 4.218234 5.132810 0.727019 -4.516964 2.950382 6.519347 -8.398771 3.397990 -4.048474 -4.203764 2.411235 -0.572854 -6.884743 -1.466558 -6.059352 -5.308544 5.160659 -3.773679 -6.500159 -7.094789 5.364000 -7.897004 2.871514 6.846321 6.133965 -1.996317 -2.061211 9.565269 -4.012089 7.225211 -7.111222 9.492584 -1.509944 1.070266 -2.233026 -9.857634 -5.496105 -0.631797 3.540356 0.455421 5.164439 -4.048409 9.882568 8.279695 4.485032 -6.176785 -7.028848 -0.354308 0.049536 -3.529008 2.550903 -4.586464 -1.426011 -4.577583 -7.740143 -5.292046 3.426099 0.198646 -5.726777 9.414011 -2.576143 -2.837999 8.906595 5.913913 8.232267 -3.326431 6.056279 -7.263837 6.041771 -0.403365 3.191584 1.206210 5.548226 3.074151 -0.514094 0.033258 6.897366 2.457057 9.678950 -3.053098 8.928050 2.229853 2.360438 -2.497961 7.652270 4.620294 2.209992 1.078369 -5.181060 6.483215 0.492380 2.242797 -6.354784
5.679310 -1.867339 6.803295 5.376936 0.079121 2.845244 -1.271719 8.661875 -8.752424 8.121411 -3.463713 -9.044087 4.982192 3.397990 -2.223253 -4.736513 9.070057 4.723649 -5.808463 1.299910 -2.915913 1.693576 -1.047820 -8.295619 -6.096432 -9.969450 -3.476679 -9.613217 0.522929 8.766118 -5.968001 9.921904 -3.077173 -4.090517 5.994447 1.135815 0.523129 -1.891238 -5.054561 -1.671642 1.429287 4.303288 9.207739 -5.764283 3.694396 -3.015513 -0.500796 2.764453 -8.291864 3.690741 -5.935636 -1.207777 -4.615683 3.016544 0.496605 -0.712114 3.047094 7.019926 -0.325331 -6.429977 5.786044 3.706668 -6.508072 -7.291129 9.616151 9.486375 3.844687 0.139279 -2.404863 8.790126 8.467637 9.024424 3.093414 7.675377 -6.739860 -3.212190 -5.340136 2.759344 9.552264 -3.632000 -3.549914 -6.383373 5.160223 1.834403 6.633172 -4.343172 -8.877711 -0.319734 -7.323246 0.796957 3.250289 8.462798 -5.496375 6.742217 -8.828331 -5.880224 6.228592 5.016356 4.259055 -6.176272
5.198986 -3.497158 -0.046323 6.013877 -2.308087 -0.962866 -1.277479 -2.763280 -4.875168 8.238539 9.238528 -1.542411 5.200662 -4.048474 -4.736513 3.489768 -7.753016 8.274414 -6.829966 -5.076262 -0.928629 6.420323 -6.613464 3.574997 3.162540 -5.441794 7.694772 -0.608869 9.574561 1.953827 3.214860 3.381043 -5.319481 6.063012 -9.719062 5.082589 -7.828696 3.968643 0.144521 -8.961060 -2.791388 1.574454 -3.643337 -5.934791 -1.835390 -6.491212 7.554977 0.411594 -8.216798 -9.274989 5.335332 0.854573 7.145334 8.721868 -5.570430 0.307874 -6.719926 -7.875658 9.699005 -7.145365 4.078169 2.913865 6.235678 8.758689 -1.023124 6.516616 3.841277 1.148180 0.485259 -6.014202 2.187120 7.693872 5.560252 8.543783 -8.240919 -6.275138 -7.947429 9.314058 4.136456 -6.164227 -9.960931 -0.528212 4.690347 7.184403 -1.806344 9.119916 -2.507723 1.473730 -8.755741 -2.808718 4.328366 5.322428 -9.894853 0.564044 4.081117 -0.917977 -2.919340 -2.077606 -9.769797 7.565919
4.244607 9.360913 -7.129816 -7.975111 -4.970112 6.615420 -4.527394 7.488904 1.072123 9.952871 -2.126696 -7.083035 4.473904 -4.203764 9.070057 -7.753016 0.659714 -8.951321 4.468937 1.903972 -1.760039 -1.202697 -2.773600 -1.654893 9.361347 -8.692483 7.427130 -3.557993 -0.770089 7.657333 -5.992074 -8.861897 0.074657 9.267717 -1.393452 -8.964237 6.286589 9.799854 4.049441 2.619518 -4.870383 0.898891 -1.008483 9.931167 -7.561311 -7.452082 -7.073627 3.098402 -6.403403 7.395310 -4.997625 1.836558 -3.807387 2.228775 -9.818335 -4.446040 3.536292 7.608796 1.995967 -7.233797 5.266129 6.003893 -6.095694 -4.659214 5.271610 2.510854 -3.623451 1.558198 2.310708 -9.574010 -5.822283 7.440325 1.324881 3.169234 7.371491 3.763570 5.717152 -9.702135 -3.138028 9.313749 7.693175 1.864347 1.150307 -6.114212 -5.906878 1.331972 -0.560252 7.629414 -1.059232 -8.564285 -9.604383 -5.793103 7.439607 -5.700077 -0.452317 2.711217 6.810777 5.924232 -5.730585 -0.878515
3.581157 0.357565 2.842489 -1.351854 4.209471 -7.843557 1.665756 -3.212674 2.243559 6.601858 5.711858 -3.950978 -3.419113 2.411235 4.723649 8.274414 -8.951321 5.249877 -8.112473 -1.929685 6.685592 -7.716856 2.277212 4.125200 -3.416932 -8.175104 -3.163583 -6.606156 7.749128 1.105832 2.515329 4.099350 9.552964 9.077139 -8.225547 -8.830670 -6.989561 -6.786875 8.502848 -2.758395 1.513769 5.150115 -0.834054 1.678761 -7.052310 4.976075 5.936874 -7.922764 0.225952 7.824401 0.147551 -3.088455 -9.892454 -7.575236 -8.963256 -3.309387 -5.750341 -2.126839 0.084458 -8.001213 8.978993 -7.400213 6.098137 8.531958 -8.323075 7.872590 9.701288 -5.312635 -8.914285 8.204136 1.928970 2.599484 3.354251 -8.905084 -5.721755 6.301941 6.070991 -9.784881 8.379177 -3.703057 8.039520 -1.473272 3.208488 8.147066 0.951492 4.245232 -5.162320 5.201152 -7.881607 4.922137 7.199939 -8.902614 7.521924 3.298076 9.629344 9.198850 1.170666 9.330631 -6.113786 2.256381
-0.553694 -3.793441 -2.302100 -4.695502 -8.556668 1.580207 -9.715134 4.037882 0.804104 -7.643285 -6.914925 -6.517017 4.624573 -0.572854 -5.808463 -6.829966 4.468937 -8.112473 -9.750491 -1.149854 -4.704368 7.449448 -0.052468 -7.182444 0.747524 -0.423125 -7.983594 -8.081810 -1.092493 -4.097380 4.174571 -3.557726 -8.282196 9.030435 7.331293 8.627904 -1.835455 -5.477748 1.608994 7.513774 0.092388 0.887027 -5.097478 -5.810747 -6.626452 0.438337 -0.762390 0.105300 -9.188168 -0.512882 8.955446 -3.892536 -3.063434 -1.097022 -1.074980 7.684090 8.479853 0.941426 9.602280 -2.612640 6.844046 3.776850 3.829634 8.561850 2.807286 1.160926 7.189753 -9.028169 5.683178 -1.201253 8.485604 -4.224434 9.685774 -6.611873 -0.035181 -6.940678 3.826464 9.202429 3.164622 4.638296 -1.310453 2.120068 -9.254240 5.626113 -8.976954 -0.329220 3.310203 9.502899 -9.387795 2.912482 -3.109742 7.456251 -3.310667 -9.280108 6.018101 9.496618 1.880818 3.207854 -9.531551 -2.436004
-2.295998 -9.619879 4.560698 -7.092335 -7.752274 2.111718 -8.339344 6.268816 -5.191491 -9.288381 5.752379 2.892549 5.428389 -6.884743 1.299910 -5.076262 1.903972 -1.929685 -1.149854 -8.164316 3.045154 7.452590 9.291935 9.734487 8.172482 5.310036 9.231105 0.053300 -1.482109 9.699554 7.617296 0.524492 8.653607 0.956858 2.216868 -9.004213 4.261238 6.968566 7.164431 6.768048 4.884885 -2.028629 -2.035596 -5.078727 9.524070 4.786874 5.980706 -9.252451 4.919545 -3.456962 -7.416766 -2.035301 -6.004372 -8.124831 -2.300814 -7.831891 7.185206 -3.069709 2.221409 -4.296904 -3.370155 -0.161295 6.227589 -4.716548 -9.204438 -1.555543 -3.720761 5.056801 -4.586978 -6.556330 1.824849 -9.702093 1.415041 9.789253 -4.780820 0.939112 4.576127 -8.800114 1.686661 -0.504328 -2.257076 4.269895 7.460371 1.738551 6.145064 -4.840443 3.906661 3.330270 2.089848 -3.871930 9.033366 8.719693 5.966774 5.260955 -5.996856 6.762337 -6.294588 0.282383 1.819137 -0.881566
0.501779 -1.156980 9.994653 -2.523597 -9.298551 -9.666031 4.242637 6.657324 -6.743203 -6.530578 8.988592 1.124683 9.307852 -1.466558 -2.915913 -0.928629 -1.760039 6.685592 -4.704368 3.045154 5.351613 0.545463 -9.065493 1.318388 -4.193582 -5.062348 -1.919276 -0.488170 5.220035 9.899862 8.630264 -1.053911 -6.456152 -1.953395 4.087184 -3.022913 -7.317873 0.167390 -5.013547 8.517535 7.934258 2.491491 -7.904133 9.971020 7.456900 7.412750 8.152847 -2.418133 -3.363706 -0.335056 -0.203319 -8.012093 -9.789594 0.731189 3.306295 -3.983176 5.668840 -8.612981 5.528654 0.888875 -8.713119 4.158918 9.834964 -5.169271 -7.794477 3.922147 1.807816 -5.112350 -5.910463 6.794269 -6.594815 -7.976205 -0.714240 -4.498948 -8.005184 -3.257339 -7.086198 -9.852337 4.324528 -0.449904 -0.187394 -5.878791 1.538004 0.023013 4.852398 -5.155702 6.039837 0.521238 -3.768682 1.568491 -8.589887 -2.481801 -4.272591 -8.754924 2.348928 -2.067068 5.167224 -5.843256 2.820582 9.256761
-7.243354 -7.555671 2.495790 0.738028 9.733293 -4.015163 -5.982896 -5.364322 -9.962926 2.479345 -0.493965 -4.217032 -7.050828 -6.059352 1.693576 6.420323 -1.202697 -7.716856 7.449448 7.452590 0.545463 -7.791080 -5.677463 6.594390 -6.546004 6.671465 -5.472678 8.621220 -9.171791 7.347904 7.877981 -8.220777 3.573672 9.158538 2.015997 5.300492 -7.566090 -1.004569 9.941115 -4.143056 -9.700606 4.131834 9.092585 5.724565 9.860556 -7.648761 -3.997865 0.433577 -8.350271 -3.199059 -2.762085 2.516711 -0.990139 1.560453 -0.888899 2.463857 -1.768082 3.638423 1.085077 -0.939873 0.986327 -1.036942 0.839350 -5.440001 -1.878404 -7.144654 9.860491 0.555506 1.850778 9.801606 6.412450 2.150172 3.933439 5.505035 -2.125263 3.793995 7.856274 3.876872 -5.772428 9.506003 -9.322187 1.465487 2.022713 -0.312326 -6.974060 -8.866186 -7.848468 1.257858 4.772237 3.236609 -9.682015 -4.241436 -7.800333 1.157335 0.318563 0.321263 4.012681 0.179055 -9.123231 -4.136541
6.846391 -3.584439 -8.121920 4.853648 -4.963255 -6.121862 -7.190736 7.796403 0.250957 4.389430 5.582366 0.151567 -3.128406 -5.308544 -1.047820 -6.613464 -2.773600 2.277212 -0.052468 9.291935 -9.065493 -5.677463 -6.156141 -2.281464 9.160272 4.162422 8.039799 3.172954 -5.658523 8.916568 9.036413 4.322138 6.205786 7.050044 8.236238 -0.999960 -7.061588 5.944333 9.650567 -7.296348 7.880001 -0.192903 -6.853294 1.281156 1.986341 3.277434 -2.291749 5.299398 -4.440306 5.393204 3.384693 1.078563 -6.603859 7.228551 8.797098 -7.443586 1.390973 6.836897 5.729367 5.732450 5.753465 4.765780 0.054588 1.959252 1.815824 -1.709174 -9.040708 4.754235 -5.764841 -9.390141 7.457888 -7.884840 0.416957 -9.395407 3.396316 -7.596703 3.882027 -8.895434 7.702695 9.441721 6.497770 1.087388 0.520284 9.893912 -1.684061 -0.682618 -7.549674 9.706913 -3.845721 8.179693 5.439363 -8.092255 2.945473 -4.506049 3.866996 -5.238704 3.784776 4.826288 9.515532 8.019935
8.277254 -4.851502 3.167967 5.528463 -6.604621 -6.316986 -1.323846 0.815178 -3.967704 6.265696 1.740360 -3.136145 2.311044 5.160659 -8.295619 3.574997 -1.654893 4.125200 -7.182444 9.734487 1.318388 6.594390 -2.281464 -5.396850 -3.997350 2.668447 -0.635553 9.787427 -2.505265 -1.120021 7.807362 -7.069117 -4.146602 7.942457 -1.216014 -6.568589 1.473867 7.040387 4.891451 -3.890156 -7.000516 -4.206787 7.243591 -9.954031 -2.784742 -1.728750 -4.591608 7.954685 -8.250765 0.477729 4.848391 3.406912 0.986428 3.649843 8.010062 6.989078 -3.681710 -2.625491 6.776504 3.813025 6.254488 4.583866 6.743908 -7.892114 2.526323 -4.472106 -4.460703 -5.999810 -7.431718 -9.569252 0.110034 -4.432234 -3.776040 -2.646374 -4.386266 3.439218 5.624876 1.022127 1.393903 7.374111 -8.500145 -3.757706 0.781023 2.486283 9.892137 -1.208915 -0.524639 -3.789573 6.165594 -3.748135 -9.976548 2.420082 -9.164269 6.767360 4.527968 3.362054 -7.704746 -9.932736 7.362244 -5.136464
-6.706884 2.852396 9.234155 8.345179 -8.605449 -8.876688 9.271388 -7.231493 3.975278 -1.253413 3.387829 -5.979158 5.909352 -3.773679 -6.096432 3.162540 9.361347 -3.416932 0.747524 8.172482 -4.193582 -6.546004 9.160272 -3.997350 -9.309237 0.510643 0.978311 -7.013983 0.577907 -1.659444 -2.150447 1.075920 5.812834 8.280855 7.797892 0.638738 4.325891 7.959083 -8.910482 -8.606947 -0.485824 -1.085592 -0.039929 -2.688436 -2.479678 1.013371 -4.998912 4.917321 -8.457968 -1.098961 8.479914 8.322559 2.824442 4.462589 5.938816 3.515205 -5.026768 -3.082873 6.501222 5.551140 5.257683 -5.649225 -3.372941 1.070517 -7.368370 -5.575049 -8.290745 6.957520 -7.615966 -7.201227 8.350574 1.898210 1.713181 -1.689355 9.209774 9.233503 9.324016 -5.789139 4.150823 -9.133952 3.111900 2.630737 9.188607 -4.063658 -2.906674 5.127423 9.451546 2.066558 -7.955450 5.952768 -2.382302 7.302233 -9.696457 4.244757 -1.627250 -7.064827 8.669708 0.082005 9.892693 -8.946258
-5.732086 7.082118 3.789334 5.267550 -2.723342 5.342982 3.064854 -0.073267 -2.522744 -7.544185 -0.552488 1.204622 -6.308033 -6.500159 -9.969450 -5.441794 -8.692483 -8.175104 -0.423125 5.310036 -5.062348 6.671465 4.162422 2.668447 0.510643 -1.220462 4.063859 0.301069 8.861544 3.956553 1.354811 1.742322 2.199820 -5.693237 6.336280 8.753731 6.468489 -9.836258 -5.368341 2.841076 8.142027 1.375634 -7.674437 -1.248951 7.308216 7.746392 -3.546603 8.368221 2.618767 6.222304 -8.527224 -6.556089 3.608907 -8.120436 4.572597 -4.759732 0.659102 -1.363544 5.541337 -0.479354 -7.406991 -3.103853 -8.737032 4.792828 1.202910 7.599248 3.546560 -2.328601 7.762990 8.178218 -9.487525 5.905017 -0.446148 -7.161961 -5.343933 -3.137932 -9.415569 1.109464 -4.769711 3.203198 -2.668232 -3.296935 6.647108 -9.059325 -1.417371 1.219705 -3.819057 9.241731 9.856162 -8.277720 -1.237622 -7.550830 -1.381573 0.025345 7.241999 9.821337 -2.375407 0.788559 -2.507263 -4.612417
4.692369 4.529103 4.087731 6.388832 -1.437650 -2.804794 -3.639142 4.761259 -2.467730 9.696956 8.265461 -6.774764 -7.744154 -7.094789 -3.476679 7.694772 7.427130 -3.163583 -7.983594 9.231105 -1.919276 -5.472678 8.039799 -0.635553 0.978311 4.063859 -8.326439 1.552728 -7.166418 -0.833703 6.940311 1.800359 7.171509 8.232912 0.320988 -1.985240 -5.818421 5.703685 9.442441 -8.760289 -3.683329 -5.926681 -4.370390 -6.367278 -4.648693 0.960184 -0.468598 7.848999 -7.528299 4.671814 0.202853 5.705497 -1.425397 -4.994122 7.557721 2.502737 7.050901 9.231282 -5.944535 9.884483 -1.602421 -9.004224 1.684842 -4.430912 9.228687 -7.994170 3.583848 -6.589734 7.709515 3.026289 -5.350023 -5.973814 7.099608 0.279587 -2.341092 -7.549085 -8.760230 7.190310 -9.700086 -6.288529 1.862124 0.502767 9.416968 -9.563273 5.508645 6.974689 2.939464 2.559546 6.205970 6.994928 2.444030 -5.396451 7.990704 -5.871128 0.172638 7.219391 -3.865298 -6.243514 -9.370343 -6.155783
-0.245352 3.320454 -1.515840 -0.910208 -2.392412 1.414077 6.042384 4.571554 4.437938 7.929362 5.096143 -0.230310 9.841396 5.364000 -9.613217 -0.608869 -3.557993 -6.606156 -8.081810 0.053300 -0.488170 8.621220 3.172954 9.787427 -7.013983 0.301069 1.552728 7.911774 1.640762 0.792615 -8.244009 -1.576464 6.072249 -0.373607 -7.694081 1.631470 -4.844296 8.639216 -1.569538 7.875324 5.272428 -1.059077 -7.542932 -7.591594 -1.131647 -2.524461 -4.946970 -4.229528 -4.566526 -9.742800 8.878561 -9.613664 -2.094601 6.590199 3.329902 9.682471 -5.525526 -6.507140 7.594245 6.115236 4.285474 9.350235 -5.461228 0.357724 -1.023372 -3.155309 -8.010806 4.132332 -4.516093 0.419655 2.007656 -9.243665 9.360579 4.464725 -6.835259 -1.771068 -8.059736 -1.782229 3.999404 -2.626262 -1.525030 2.877964 -2.239926 6.380370 -0.531837 -8.910024 6.062841 3.942637 -5.417164 3.657085 0.057873 8.868310 3.007321 4.596645 -0.773966 -8.016051 -8.558664 1.215227 6.116281 -3.074757
2.349350 -4.753918 -2.499817 5.345160 -5.418001 -1.402874 -1.114682 -7.790447 5.590620 -7.192811 -4.868402 3.359137 -9.919843 -7.897004 0.522929 9.574561 -0.770089 7.749128 -1.092493 -1.482109 5.220035 -9.171791 -5.658523 -2.505265 0.577907 8.861544 -7.166418 1.640762 -5.354880 -5.253093 2.533660 -3.719997 2.870845 -9.784762 -2.724535 5.459507 1.061557 6.499858 9.988434 0.125647 9.723656 1.891098 7.664707 5.825418 1.553836 -8.415863 -8.604657 2.306549 -8.433592 -9.092095 7.642099 5.205764 0.478341 -8.154042 -8.147559 4.645421 5.275851 0.483067 -9.746162 9.920971 5.229974 2.787498 -3.799025 -1.899181 3.002736 3.476439 -6.439674 -5.935706 -0.023702 -6.451240 4.189941 -0.300046 5.439858 1.854648 -4.474628 -3.006306 3.438786 -3.079285 9.300243 5.005194 -2.171380 6.942341 0.210958 8.306960 8.788299 2.063399 2.952382 4.064150 -7.453534 3.206220 3.985122 7.776441 -4.006282 -9.813904 -4.122740 8.996455 3.662535 -0.562414 -6.939252 -6.361167
6.371994 -3.287743 2.336611 -1.918700 0.275829 7.407705 -2.761567 3.908988 -8.613833 -3.537895 -2.725566 -2.511209 1.133165 2.871514 8.766118 1.953827 7.657333 1.105832 -4.097380 9.699554 9.899862 7.347904 8.916568 -1.120021 -1.659444 3.956553 -0.833703 0.792615 -5.253093 -3.870024 5.987518 -1.552226 -6.619334 -0.673695 6.873978 2.486003 -1.809537 2.293876 5.030126 3.975337 -2.985983 2.579443 -2.411170 8.676499 -9.660281 9.509283 -0.872720 -9.836606 -5.617882 3.642212 -7.466465 -7.538827 2.142265 -7.319883 -3.466054 0.828415 -1.296041 -0.396826 -6.822901 -5.834614 5.733150 9.164617 2.613160 9.113816 -1.509078 -0.512862 1.599819 6.681385 -8.218986 -3.370055 0.656722 -1.204969 9.209388 8.245552 -2.528470 9.549107 7.754834 6.598811 9.712501 -7.863048 0.241023 -7.753964 -5.401875 -7.616712 -5.073847 1.132071 3.211703 3.630112 -9.264755 6.388802 7.795498 6.468395 5.553419 0.408658 5.582211 -5.955659 9.895796 -2.817971 -9.274273 -8.323190
-8.440526 4.908180 -6.333243 3.840322 6.305191 2.217232 -7.456693 1.745008 7.541592 5.373870 0.680959 9.147958 3.396049 6.846321 -5.968001 3.214860 -5.992074 2.515329 4.174571 7.617296 8.630264 7.877981 9.036413 7.807362 -2.150447 1.354811 6.940311 -8.244009 2.533660 5.987518 -7.137969 9.029837 -1.527067 3.333872 2.051199 8.100933 1.277243 -5.378332 -4.516233 -4.180575 6.904638 5.003554 0.602629 1.433644 -0.878533 7.769121 0.888802 4.371450 8.147316 -6.025927 -9.643322 4.914313 4.854841 -7.189698 -2.765271 6.144267 -9.153864 -6.400514 7.329488 -3.936001 -9.310030 -9.808480 -4.906164 -0.837097 3.525392 7.145035 -2.736164 -5.197365 -8.233297 2.747603 0.622060 8.671341 -2.248843 -8.775310 0.104984 6.872624 8.993811 -9.006213 1.244074 7.141128 -5.032140 1.600752 2.055441 9.822701 4.411054 9.290170 5.966967 5.257190 -7.110344 3.296456 -8.678811 -6.420374 3.487975 -3.584975 2.742529 -2.986633 -6.439940 -9.993635 1.816003 -4.673237
7.636243 4.886807 -3.969290 8.832753 -1.127712 9.352152 -6.261603 -8.848462 -9.859843 4.886420 -1.336701 5.734892 6.734291 6.133965 9.921904 3.381043 -8.861897 4.099350 -3.557726 0.524492 -1.053911 -8.220777 4.322138 -7.069117 1.075920 1.742322 1.800359 -1.576464 -3.719997 -1.552226 9.029837 -6.884555 -6.093734 0.511959 -6.379431 -2.430981 -5.384954 -9.001682 0.225583 9.711921 -0.379861 0.023275 9.776654 -0.157286 -8.123593 9.664089 -5.523658 3.019709 5.518491 4.367160 -2.947334 -5.330652 -4.420833 -5.334750 -2.691819 -6.793800 5.020363 6.960381 -5.606708 -4.618159 8.428584 0.907147 -1.502714 -7.665150 -8.580894 2.117855 -0.096131 -3.965848 3.116173 -9.870549 -4.253927 -7.263688 0.152726 -4.477273 2.579026 2.029133 -4.813184 7.055367 -4.951159 -9.294693 1.422527 2.101507 -4.625345 7.001695 6.766758 2.682836 -9.792106 1.787121 -0.356782 -5.398814 7.168962 -1.928198 5.508333 -4.333753 0.406652 6.927439 7.784103 -9.689480 -7.038409 0.900275
9.614885 -1.032993 7.404710 3.879713 -6.571697 -5.853574 -2.144931 -9.922212 -8.530489 -7.915753 6.510601 4.888448 2.975006 -1.996317 -3.077173 -5.319481 0.074657 9.552964 -8.282196 8.653607 -6.456152 3.573672 6.205786 -4.146602 5.812834 2.199820 7.171509 6.072249 2.870845 -6.619334 -1.527067 -6.093734 -9.390689 3.482232 7.644865 4.839702 9.697845 -9.733305 4.256910 -7.031174 -2.062634 4.379424 7.662335 -2.290455 9.876593 -0.642462 -5.751519 8.056598 -8.739365 2.574538 -4.120180 7.764918 8.069557 -8.225156 -0.222466 -0.769177 -1.923480 8.717590 8.176192 4.688716 0.619237 8.021836 -8.259117 1.228548 1.504069 9.385748 -3.931750 1.201914 9.652443 -9.674840 4.170740 -2.410191 4.704584 1.833075 5.299354 4.581176 -8.809388 9.547835 2.637774 -7.548753 2.122373 8.517594 -9.783835 0.191929 -9.707562 -0.006301 9.422752 -1.631042 -1.288711 7.598944 -6.942326 9.330526 5.620781 -5.201443 0.559074 -2.875151 -5.815695 6.627324 8.326763 -6.163252
5.255103 -8.274699 -6.415496 -3.728909 4.991630 1.394550 -4.499627 -3.037788 -5.293724 -5.701701 -0.041304 6.665382 0.612323 -2.061211 -4.090517 6.063012 9.267717 9.077139 9.030435 0.956858 -1.953395 9.158538 7.050044 7.942457 8.280855 -5.693237 8.232912 -0.373607 -9.784762 -0.673695 3.333872 0.511959 3.482232 3.358848 -7.979933 -6.489780 -9.915241 -1.741689 -0.968589 -3.641496 -2.865671 7.003850 -5.245378 -5.472059 -4.807547 3.342669 -7.786010 -6.625245 -8.646531 -1.731003 0.268346 -3.036787 7.381679 6.492464 -1.806262 1.292917 3.275655 6.549113 -0.611540 -3.313830 -6.768750 1.320751 7.049170 -7.589108 -5.320401 9.069237 -4.078888 -5.235642 -2.672451 4.952524 1.122862 4.461878 1.956374 5.877484 8.989818 7.148826 -0.779847 -8.796192 -9.476419 0.573622 -0.527194 0.791928 7.536835 -3.145516 -2.715608 -4.269426 8.147401 -9.439953 -7.720314 -2.464139 -2.753783 -4.489063 8.856611 -5.704613 -2.078171 -6.463790 -6.635376 3.842941 -1.699432 0.692173
5.889694 -9.428834 -9.036157 -8.819516 4.418445 -0.005333 -3.864815 -8.180779 -3.229079 -9.634313 1.573085 -3.663716 9.079835 9.565269 5.994447 -9.719062 -1.393452 -8.225547 7.331293 2.216868 4.087184 2.015997 8.236238 -1.216014 7.797892 6.336280 0.320988 -7.694081 -2.724535 6.873978 2.051199 -6.379431 7.644865 -7.979933 7.464795 2.775962 1.956932 5.365460 7.297030 7.304610 3.789706 2.391719 2.125093 -6.994120 -4.976756 3.800061 9.506446 -6.614658 3.622429 6.567059 -5.972873 -9.019342 -9.126112 0.179848 -2.804501 -0.523896 -5.745602 6.946550 -8.557056 2.171889 4.998169 -5.898043 -1.115155 2.473217 1.915021 -3.650361 -4.750820 -6.128047 -8.284901 -7.453791 -8.823437 5.504805 4.937928 3.301656 8.510685 9.961172 -2.898283 8.017131 -6.653486 -9.275854 4.584190 -2.626360 -8.295196 5.458077 7.553488 -1.099697 -5.065819 -8.192114 -4.153147 -3.622874 3.979774 -9.154978 0.479083 -7.135381 3.318239 -7.605896 -0.785742 8.567419 -3.733943 0.929357
2.866289 7.205722 1.195790 5.614534 -7.909125 6.457891 -0.450256 9.103216 7.896415 -2.216220 7.307424 4.190650 -7.437413 -4.012089 1.135815 5.082589 -8.964237 -8.830670 8.627904 -9.004213 -3.022913 5.300492 -0.999960 -6.568589 0.638738 8.753731 -1.985240 1.631470 5.459507 2.486003 8.100933 -2.430981 4.839702 -6.489780 2.775962 1.641692 4.461274 0.930692 9.487685 7.423252 0.289934 -1.942175 4.969420 7.022816 8.332768 -2.026335 -8.690814 7.508016 -4.087909 -2.596558 -7.469884 0.227643 -2.522527 -1.602762 -4.977722 0.416122 -2.417401 -7.788984 -7.430970 -4.664621 -4.334188 -4.348705 -5.798213 6.563228 5.167723 9.119752 -1.795080 -0.371003 0.050444 -2.307395 -2.947751 -9.659622 5.750429 -7.978331 7.363195 4.083198 -0.004666 8.672381 1.591213 5.907425 -3.924177 4.121329 -3.864933 3.553296 -7.481433 1.157345 -6.030582 0.101167 3.368362 -3.461552 5.436546 9.034174 2.189743 9.638333 5.597401 -2.642534 8.758085 -6.197679 6.986463 -1.191471
-0.272578 -0.417336 8.023790 4.073465 -3.462840 9.941683 -4.586579 3.629449 2.698903 -1.289459 -2.720033 -8.009093 -8.895584 7.225211 0.523129 -7.828696 6.286589 -6.989561 -1.835455 4.261238 -7.317873 -7.566090 -7.061588 1.473867 4.325891 6.468489 -5.818421 -4.844296 1.061557 -1.809537 1.277243 -5.384954 9.697845 -9.915241 1.956932 4.461274 7.963332 -8.873356 8.009948 -6.852185 4.046410 -0.026913 4.408121 -8.912495 -1.928707 9.221723 0.647168 7.326845 -1.995257 0.307998 9.950759 -6.673789 -4.594627 -8.391153 0.837422 -9.858918 8.864336 -4.293900 3.634876 9.922146 7.561240 5.937198 2.474881 3.455092 -2.611572 2.272972 5.409325 -4.648240 3.399616 3.419272 -1.500425 -2.553974 -6.607641 -7.092304 -1.466469 1.463653 -7.870581 9.180699 -1.209502 0.134162 -0.511303 -1.258743 3.460373 4.894070 0.350104 -5.702205 5.035152 -0.785560 0.003895 -1.329972 -0.863415 -2.434866 -5.392774 -8.388534 -8.979774 1.995655 3.884439 6.429551 7.347415 -2.715946
1.059677 -6.579049 0.868452 7.932785 5.360100 -1.786787 1.700190 6.116538 5.346200 6.049982 6.118445 8.650745 -4.507365 -7.111222 -1.891238 3.968643 9.799854 -6.786875 -5.477748 6.968566 0.167390 -1.004569 5.944333 7.040387 7.959083 -9.836258 5.703685 8.639216 6.499858 2.293876 -5.378332 -9.001682 -9.733305 -1.741689 5.365460 0.930692 -8.873356 -8.409919 -0.031663 4.155680 5.085413 0.986605 -3.911312 7.322003 -4.534755 2.915766 -0.091303 -5.758319 4.777997 1.709831 3.022011 -4.689745 -7.352450 -0.632524 -9.550260 5.196736 -3.266833 -2.415121 -8.369640 -9.471592 2.067434 5.348038 -5.827528 -7.603021 -6.204203 -8.942282 -8.518790 5.507167 -7.352201 1.449548 -0.337153 7.733213 -7.563847 5.751535 5.055216 -2.098602 -1.332698 -5.036087 2.143079 -6.554701 6.673745 -4.834910 -1.244446 9.321295 4.532566 -0.794706 4.518031 -8.734267 6.790173 6.148391 -8.205859 -1.142393 1.496430 -4.033387 1.254586 5.292227 -2.975669 2.735796 0.799393 -0.327870
-6.020646 -6.979917 -6.253724 1.919521 5.711582 3.467742 -3.493323 -4.450893 9.442868 -3.971324 9.119779 -9.301874 5.633041 9.492584 -5.054561 0.144521 4.049441 8.502848 1.608994 7.164431 -5.013547 9.941115 9.650567 4.891451 -8.910482 -5.368341 9.442441 -1.569538 9.988434 5.030126 -4.516233 0.225583 4.256910 -0.968589 7.297030 9.487685 8.009948 -0.031663 3.231076 -0.623051 -2.078902 -8.442548 3.475165 9.752162 8.639382 6.894677 -3.884207 -5.073394 4.832219 3.745156 -1.995996 -1.081847 -6.831340 9.939009 4.500516 8.558777 -6.871400 5.375105 -9.026776 9.053987 -2.950912 3.059801 9.164718 9.185311 2.551720 -4.103053 -2.464691 4.504198 -2.847930 -9.233615 -6.118853 5.073168 -7.676163 7.356312 4.825330 -9.036781 4.250989 -9.058877 -4.110174 -0.916791 4.686279 3.893830 8.001361 7.854939 3.832839 2.501877 6.413715 6.961438 -2.123018 7.386939 6.015425 4.926070 0.446740 5.180144 4.111380 -7.001540 -8.922910 -8.353310 7.502658 -1.770840
-2.730953 -0.509895 -6.726153 4.892488 -0.174086 6.546193 1.819423 3.875525 -4.476895 7.743320 5.233927 4.032004 -7.055884 -1.509944 -1.671642 -8.961060 2.619518 -2.758395 7.513774 6.768048 8.517535 -4.143056 -7.296348 -3.890156 -8.606947 2.841076 -8.760289 7.875324 0.125647 3.975337 -4.180575 9.711921 -7.031174 -3.641496 7.304610 7.423252 -6.852185 4.155680 -0.623051 7.278649 5.578749 1.547856 1.033708 -8.937465 1.623533 -7.356294 -9.620840 -5.798914 0.667419 6.657223 -5.344379 6.078072 -1.049289 -9.963774 1.935465 6.424343 -0.471789 0.791318 -5.024935 -9.333114 -2.850171 -8.245053 4.218636 -5.107854 -8.162843 2.507297 -8.625420 -9.952974 6.496089 0.848121 7.325675 2.074838 -7.604023 -1.640618 3.137374 4.019510 1.003088 3.516534 8.220596 -8.329493 0.173756 -7.123783 7.748579 9.124467 -7.087557 -0.315957 5.548810 2.440654 -9.524639 -9.476125 3.107540 -2.374809 -7.721178 -2.673825 2.517337 -5.884021 9.833472 3.891917 -5.836995 6.329562
-5.890273 8.802559 3.674325 -2.495729 -2.138226 -3.273782 2.673341 -8.579964 -6.781812 -0.183583 -5.490262 4.039011 7.265505 1.070266 1.429287 -2.791388 -4.870383 1.513769 0.092388 4.884885 7.934258 -9.700606 7.880001 -7.000516 -0.485824 8.142027 -3.683329 5.272428 9.723656 -2.985983 6.904638 -0.379861 -2.062634 -2.865671 3.789706 0.289934 4.046410 5.085413 -2.078902 5.578749 6.871784 -4.303428 -5.561272 9.124122 -4.033192 -1.204741 -5.711097 5.921087 -1.299399 -8.105663 -3.649273 -0.870183 2.607311 -5.594442 1.837855 0.646460 4.977726 8.661872 -1.480918 9.441811 -0.351105 -7.278735 -1.354067 -7.875403 -4.672152 -5.013929 -5.551638 -0.523795 -7.518265 -2.376723 -1.317130 9.353519 3.319848 3.121598 8.477642 9.286656 -8.083143 -7.233456 5.207743 0.617457 -5.339118 -8.441529 9.747274 7.268193 -4.035971 1.585129 -2.085347 -9.058245 0.247001 6.433735 -9.616434 9.895896 9.155000 -0.970501 -7.979506 -5.517152 4.015571 -3.531144 3.959053 6.497306
4.566875 1.582928 5.450154 4.270920 -7.613392 -1.488907 5.066531 -4.354946 -8.327820 1.530469 -1.995603 -4.574534 3.972523 -2.233026 4.303288 1.574454 0.898891 5.150115 0.887027 -2.028629 2.491491 4.131834 -0.192903 -4.206787 -1.085592 1.375634 -5.926681 -1.059077 1.891098 2.579443 5.003554 0.023275 4.379424 7.003850 2.391719 -1.942175 -0.026913 0.986605 -8.442548 1.547856 -4.303428 -4.646970 9.326771 1.836465 3.398138 8.350856 -8.734655 3.028376 -4.710406 1.635980 -7.094385 -1.337933 -7.609819 2.678751 1.189540 -7.826119 -5.527620 8.199860 5.973152 -7.265136 9.169234 -3.730271 5.089481 -7.219469 2.417131 4.856079 -7.844652 2.892999 -8.678687 9.210543 0.463878 -0.307073 -5.436428 -0.209351 -8.470608 7.961711 -1.858495 -7.205263 0.990087 3.431100 4.430717 3.895702 -7.906833 6.820898 -3.425547 3.282706 8.994778 1.046833 1.482567 4.967931 3.781697 0.651801 -8.762341 -1.128822 3.432331 3.654790 -6.272743 5.587679 -3.452211 -4.951430
