-7.246180 -6.541130 3.224004 5.832897 -6.503190 0.885735 6.551917 -1.935708 6.553338 1.953345 9.867111 -3.473293 4.356791 4.586839 -9.002045 2.632479 4.082430 -6.604273 1.984142 7.467016 -1.870086 9.470182 5.348646 -5.304241 -8.375221 -2.347271 9.414406 7.916780 -2.676637 -6.244504 8.615118 -5.719381 -5.637105 -2.826130 1.225023 8.967120 -9.612835 -2.916015 -9.466164 2.180555 8.586211 8.449356 8.318562 -9.927774 3.905717 3.384075 -3.855175 6.078931 8.596575 2.632560 5.439209 -3.213320 -6.277203 -0.946114 -1.341808 8.234724 1.003313 2.683075 -5.550306 -3.986831 -6.665441 -6.060958 -6.524235 7.176577 -3.275831 3.106136 4.820118 -8.268569 -9.837762 -3.262584 5.755697 -3.998600 -4.475358 2.651281 0.078350 -3.177762 -8.647976 -6.536470 1.554221 1.785528 9.363999 0.731091 7.447556 -8.919343 -7.405279 -0.527879 7.944926 -9.624270 4.899348 3.346681 7.664521 -2.399306 -5.143227 -2.219278 0.594679 -5.236290 -6.329505 0.004387 -6.275993 -0.612581
-6.541130 -8.689788 -9.261939 -5.412749 7.932510 1.689664 -1.821839 0.345118 0.394851 -3.745938 2.012111 -2.447437 5.929038 9.336208 -6.359462 -3.470800 6.259329 0.535313 -2.994906 4.611800 -9.473121 5.258511 -0.199754 2.738423 4.672692 -6.071093 3.141568 0.340138 -3.292829 -2.576065 4.077667 -6.654100 4.548700 9.998434 3.677572 8.957138 2.619861 -7.988698 -6.049588 4.568623 4.842286 4.297757 -7.601750 -2.616918 -2.537222 -3.084176 4.251420 -6.379337 2.482855 9.339756 -6.723467 -1.309684 8.141816 -0.497446 -0.577894 7.336518 4.857080 -7.062718 -3.102847 -9.557656 4.482915 4.354100 -0.636897 -4.326296 7.950814 9.333126 1.846409 -7.398953 5.797574 -0.172743 -3.295376 -5.387400 -6.038767 6.448749 4.116060 -1.377624 6.274072 8.320199 -2.422469 5.569879 -7.047390 -5.485538 4.568782 7.519374 -1.886431 -5.245240 3.247208 -4.175992 -5.904901 -3.667157 6.085715 2.611435 -9.608259 -6.002841 -9.745454 8.148107 5.238681 6.508989 -3.415350 -1.784603
3.224004 -9.261939 -5.501890 9.735338 1.828090 4.713559 0.781091 7.797381 -9.409213 -0.643058 -7.878709 2.537579 9.081992 1.047901 -7.925946 8.632246 2.160307 8.285501 -5.578234 6.622603 6.091023 -8.174373 -6.684413 -4.926182 5.665365 -2.214529 0.416288 -3.442751 -2.312119 0.218882 -1.255592 -2.733669 -4.781740 -6.710565 -4.461027 3.514526 8.630953 0.433367 3.601081 3.374714 -1.181632 0.307898 -5.150722 -8.184378 5.156026 -2.672806 -1.856808 -7.371073 -5.621576 -1.828768 3.891404 2.830128 5.965609 3.990135 2.200731 7.682599 1.442106 -2.532458 -3.028871 -6.236686 0.012970 -2.009711 2.789866 9.276748 -5.693995 1.021485 8.094144 -1.720747 -0.593004 -6.626347 -9.014562 -7.750031 5.230284 5.384525 -2.288124 3.494002 3.692024 -8.148988 -0.033023 4.979328 7.562698 6.267225 -6.743082 9.016251 -3.877033 -1.286929 -9.409971 6.611386 -2.428212 9.046171 -1.003850 8.291086 8.280752 -5.407044 3.814299 6.916740 9.653011 -1.850672 -4.247544 -8.479131
5.832897 -5.412749 9.735338 4.167526 3.612116 8.833369 2.430393 7.610038 1.911421 5.244373 2.169136 -3.338434 -9.052477 -4.988669 -4.555909 8.840761 6.670405 9.489428 8.822818 5.109597 -3.009875 -6.976701 2.589404 0.113846 -6.589599 8.605090 5.739600 5.464476 1.448293 1.461049 -4.145896 -0.069594 -9.667086 5.278782 0.494935 -1.621733 3.540570 6.357751 -5.275611 -7.185934 6.004158 -8.112651 -9.330160 8.002554 -1.074759 -3.482598 7.977011 9.626660 -4.729569 -9.864501 7.324284 -0.760581 -3.078686 -3.481791 1.543396 -0.140617 -3.351970 3.447177 -3.291041 7.472184 4.999952 -5.804277 7.519201 -4.780935 6.819193 -9.825153 8.659217 -4.539985 -3.532629 7.104854 -8.715451 -0.590993 7.176524 -4.153793 7.197062 1.015075 0.359632 4.333545 -6.104106 8.290650 0.957461 -7.946165 8.802214 -1.184703 8.693619 -6.340503 -4.835829 4.228001 0.017839 -0.173907 -2.851438 -4.120145 -7.281548 -0.981894 -2.690751 -3.454869 -5.990248 1.897571 -7.523589 -8.956924
-6.503190 7.932510 1.828090 3.612116 -8.612382 -8.306335 -4.564761 0.058194 -1.928068 -5.039735 -2.818102 -3.835848 -9.104831 -4.889677 -0.801444 -9.865598 8.887549 -6.958865 2.351712 5.229435 -8.893120 -6.675034 -7.295278 8.256356 4.579801 -7.276642 1.485968 -5.340285 5.834058 -6.993147 6.176286 4.835404 8.632159 0.688793 -3.449425 5.509087 -8.775201 -4.804955 3.119414 7.986847 -5.070247 4.355139 -3.172823 -5.644321 -4.109027 -0.416495 -0.029340 6.887787 3.035980 5.711065 5.876464 5.728318 -4.162973 -7.081964 -6.572011 4.212691 2.704975 2.519614 7.159137 3.610518 1.972330 8.956951 -0.528374 -0.379357 4.153505 7.966555 -6.106636 5.775464 8.230931 -2.737925 3.690567 7.351503 -3.294271 -6.809165 -1.637272 2.362575 7.799220 1.490545 -8.409423 2.830169 6.642433 -0.621946 6.948994 -8.253992 -4.847203 -6.942025 5.389539 1.984028 5.566147 -9.768070 8.049527 8.404605 -3.810863 -9.182397 -8.543657 6.751973 0.405731 -0.887203 8.770915 -7.233330
0.885735 1.689664 4.713559 8.833369 -8.306335 0.651698 -6.909270 -4.108813 3.187079 5.229833 -2.197662 3.902723 -6.942141 3.444217 6.951408 -7.692738 8.155139 3.424996 3.909251 2.779330 -7.796422 5.541708 -0.514242 -2.870650 -7.020645 4.024485 -0.477123 0.993349 -4.791365 -8.478956 -5.819099 -1.589436 6.345141 2.776918 -8.334197 7.152730 -4.065297 -5.439966 -9.514234 -5.735387 5.346948 6.151269 4.373107 -1.190487 -8.519748 8.593146 4.999803 -8.309654 -0.357539 -9.156676 3.738962 0.726807 -4.555510 -4.462528 -1.705793 -9.260582 -2.605300 -7.276039 -8.392502 7.219609 -0.026960 6.876464 -7.266259 -4.007286 9.552524 9.272531 3.420387 6.443691 -0.878467 -4.387615 -2.637073 -1.285493 -5.276110 4.427172 7.479628 -9.888022 -7.984532 3.975598 -2.118012 2.565774 2.969121 2.012237 -0.330717 1.639219 -9.648352 0.155218 8.756230 5.960863 4.222214 2.756418 7.117723 7.567515 7.230389 1.152236 5.625932 -4.954295 -6.837279 5.855858 -0.597444 -1.241386
6.551917 -1.821839 0.781091 2.430393 -4.564761 -6.909270 3.254345 -4.222953 4.835656 -7.127045 -4.245323 8.850459 9.669571 -3.519937 0.419749 -5.284844 -2.377671 -1.519781 -2.952266 1.262885 5.311047 2.773417 -7.172684 8.692226 -9.765452 -7.958764 -2.949754 3.480982 4.863140 -5.212853 7.579955 -3.688313 -9.468275 6.696266 4.147037 -0.745157 -3.860571 -4.616166 -3.907543 5.916835 4.250427 -3.067348 7.087953 7.223346 2.773235 9.765327 5.847992 7.208292 9.763622 -2.803719 -2.111077 -0.872508 -4.244681 -0.345864 7.063080 9.178928 -9.765142 -2.734976 -6.737680 -0.190666 -4.519807 -4.392570 -5.921538 -3.288774 5.575646 9.875306 -5.732638 -8.448516 5.791130 -8.486250 -8.406651 9.419762 -2.058529 2.300549 5.319321 1.833599 -2.706911 4.953838 -0.837415 5.558333 -1.093607 -0.250980 1.770811 2.013477 0.505895 2.584860 3.737248 -8.079554 6.938427 -5.859825 -6.073361 5.024020 -1.303234 -3.454048 7.821415 -5.475425 -5.475192 -1.550111 7.281398 -1.537414
-1.935708 0.345118 7.797381 7.610038 0.058194 -4.108813 -4.222953 6.438040 4.136959 9.877342 8.482213 0.561421 -4.197618 -9.358515 -8.564167 2.053000 4.771960 2.337870 -7.411427 -3.845501 8.665335 -1.715737 3.604798 5.836811 -0.725217 -8.727769 -7.620844 -3.517936 -5.957073 -0.531691 3.871224 3.657981 -0.312930 0.581637 -4.431449 0.638144 5.288286 0.230193 8.849735 -2.506068 0.512293 -9.892097 3.531920 0.975742 -0.705135 8.797397 -2.154441 -9.693441 2.341344 -9.024677 2.253872 0.826294 7.517446 5.715374 -1.703793 4.343343 -1.435105 0.183763 8.505935 -0.748459 0.652193 1.404212 0.591265 -2.615473 1.745967 4.472607 -8.891192 5.730987 0.701063 2.765543 0.489046 -0.598068 8.272062 8.538505 6.658017 1.290788 -5.724924 1.207500 -5.549329 -7.579787 6.522867 9.824385 -1.560674 9.757743 -1.616797 6.498675 3.235267 -4.869301 1.655431 2.822624 -0.150227 -4.866317 -8.194291 -1.446244 -7.030346 0.968030 9.675633 -1.634540 8.284110 -8.967338
6.553338 0.394851 -9.409213 1.911421 -1.928068 3.187079 4.835656 4.136959 6.837730 1.729303 4.390957 -1.192449 -1.485981 5.121929 4.261653 5.604658 -2.514966 -9.041328 2.406543 6.766414 3.123825 2.121190 -9.156596 5.096993 5.163806 8.079997 0.508363 4.065243 4.537429 0.576506 9.329632 3.119839 -4.869087 5.253526 -3.994655 1.840599 -5.054667 6.215437 2.850078 1.261512 2.232963 9.405252 -5.922560 -0.470785 7.515556 -6.049041 -6.232263 -5.641531 2.793465 9.763313 -8.006064 2.090388 -6.842278 1.839627 -1.383917 0.512744 -2.318363 -4.719738 -4.641863 4.200530 -1.691615 9.029352 -3.677438 -6.694848 -0.306821 3.263132 3.456722 -2.870976 7.500114 -5.580994 0.236808 0.035989 4.865722 -1.805305 -1.754910 5.222284 -9.068586 4.280470 1.861352 3.750645 -2.904110 -9.374547 1.995071 -8.840741 -6.336845 -3.348898 -4.923986 2.559026 9.549534 -0.982778 2.452139 -6.899613 -1.797584 8.006135 -0.881058 -7.938698 -5.705242 -7.997699 2.680781 -4.108166
1.953345 -3.745938 -0.643058 5.244373 -5.039735 5.229833 -7.127045 9.877342 1.729303 5.817152 8.873804 2.023619 -9.032652 8.225733 9.896784 -4.746208 -9.523841 -7.197924 4.485637 -9.896702 6.134450 1.696702 -3.530025 -9.125237 -7.850726 -7.153979 3.077322 0.553503 2.721704 3.676608 -7.247516 -9.001245 -3.920409 9.679262 -0.651784 5.467810 -2.521008 9.424680 0.588869 -2.872125 8.194340 2.264726 3.252230 0.236565 -4.044837 -1.567771 -9.532404 8.893302 9.729353 1.232479 -5.723316 8.220683 5.018714 9.526089 4.972209 7.910347 9.208489 7.073284 0.685357 -1.198795 -8.152820 -4.438720 -1.571394 9.572652 7.563585 1.174737 3.805017 -9.078139 3.721253 3.091549 -0.331037 -3.744541 5.507185 -0.745920 3.330480 -4.621753 2.197939 0.764924 -3.921011 -0.430060 -8.012728 -9.926870 -0.896413 -6.015886 -8.992111 9.597111 -1.360439 -4.902693 0.438544 -9.396928 5.827363 0.494655 -6.327572 -7.500685 -4.010378 -2.426933 -9.470445 -9.775397 4.900511 2.892882
9.867111 2.012111 -7.878709 2.169136 -2.818102 -2.197662 -4.245323 8.482213 4.390957 8.873804 -3.644277 -9.357179 -6.107339 -6.048458 3.571360 3.853409 4.244259 -6.735435 -2.453792 -0.874450 3.125777 -5.061435 -7.534109 -5.778085 7.723984 -2.995431 -4.210709 -9.390939 6.490907 -7.320468 4.887033 -3.638872 1.473941 -7.476463 3.087767 -3.900565 3.202022 -3.610238 2.730535 -7.900056 3.766481 3.243629 -4.320545 4.608509 -4.783481 4.032902 0.979336 -0.300904 2.707797 9.946473 -9.629250 1.190381 6.733771 -5.516400 5.865672 4.349549 2.873961 2.670356 0.679618 2.344804 9.115698 7.543674 6.531710 -1.555524 -3.686683 -2.079583 8.447385 -4.803728 3.737514 -3.602558 -8.185244 -9.391316 0.148105 9.194509 -7.890287 7.948212 5.594053 -0.759431 -3.750998 -3.021704 -5.777124 3.879176 -2.693146 -3.704634 -3.788622 4.622374 8.231950 -5.616177 8.909687 5.114869 5.599338 8.076122 -4.625342 1.869468 0.140313 -1.762406 -0.760973 -9.674907 -6.160394 2.265744
-3.473293 -2.447437 2.537579 -3.338434 -3.835848 3.902723 8.850459 0.561421 -1.192449 2.023619 -9.357179 -9.876031 -6.456932 -1.656517 -1.080448 0.905779 3.434381 1.647532 -9.931225 5.902929 -9.471412 -6.019027 -1.778780 4.046666 -7.689155 8.379520 -5.402975 -7.800139 3.063489 8.061499 9.618054 -9.369795 1.857534 -0.419948 1.940324 -8.980714 1.141394 3.404890 5.985879 4.670267 -6.819711 1.124578 0.781704 -1.896699 2.180970 -4.442685 -8.211990 1.091148 -1.082267 -9.660575 -5.289479 -0.274620 4.459540 -8.508818 -7.711167 -1.590329 -8.662392 -8.824114 -6.875825 -1.994241 2.790931 7.182698 -0.388503 -9.561865 -6.269028 -3.558272 -3.870604 6.751090 5.571161 -5.503117 9.106907 -0.212386 -9.570470 9.109373 1.223700 6.725831 1.039308 7.655158 0.242931 2.934588 1.612136 -4.822787 3.411577 -1.625737 -3.753684 -8.159819 -2.077972 -4.480265 0.189993 -6.780375 2.241781 -2.378967 -3.290705 -6.879056 3.713922 -0.106929 2.838419 5.300339 2.801517 5.097046
4.356791 5.929038 9.081992 -9.052477 -9.104831 -6.942141 9.669571 -4.197618 -1.485981 -9.032652 -6.107339 -6.456932 -2.050755 -7.032425 6.030335 -8.164417 0.646649 8.230190 4.808130 -9.760950 7.714400 -4.076198 -8.658714 -7.011293 1.205685 3.952562 -9.294135 -6.520876 3.644300 9.757889 0.842092 -6.959046 -0.684606 -6.170853 6.466081 -4.580215 0.327295 0.850428 -6.849505 0.367802 1.652359 -8.796194 2.368075 0.231145 4.860608 -7.760596 7.656227 -1.798213 -2.564472 -1.079236 1.288932 3.080577 -4.739237 7.645359 -4.448610 -7.787355 -2.079665 7.067126 -2.808045 5.182892 8.860176 -7.015234 -5.033417 3.359589 4.613042 -8.604420 5.509084 -8.832334 -5.030809 7.200562 -0.159117 5.728920 5.953079 -6.598522 -1.356754 -2.972790 -3.674635 0.405495 -4.851729 -3.011047 -6.665341 -4.393472 -1.083094 -3.553476 -3.278724 -5.506261 -3.735642 -4.942638 9.078814 7.629644 -8.575894 4.954030 2.376874 8.127924 6.012219 7.358200 9.275216 8.551302 1.729775 -7.675922
4.586839 9.336208 1.047901 -4.988669 -4.889677 3.444217 -3.519937 -9.358515 5.121929 8.225733 -6.048458 -1.656517 -7.032425 -3.984448 -6.616031 4.370040 7.254714 9.977661 -5.457856 9.812781 3.411996 5.415178 -7.097958 4.612241 -2.073289 -5.762799 4.632382 -3.561844 -3.904335 -0.160420 3.826199 6.929937 -8.541110 9.557047 5.291933 1.525691 2.283449 -2.071062 -8.346493 0.489936 -5.637494 -9.353635 -6.551800 3.904197 -2.168864 7.897294 9.814071 5.088847 8.257754 8.075032 -2.944368 -6.000483 9.874757 5.046803 1.621761 -3.063161 -2.552674 -2.799736 4.843982 -7.202676 4.623017 -0.948251 2.745175 -1.844484 -0.250750 5.649716 -5.227964 -6.384318 -1.236756 -6.164546 -7.527626 3.191115 -6.928850 6.811300 -2.482894 9.996412 9.688277 -9.133745 9.153994 -8.819631 8.459710 2.339135 -6.162364 9.141575 2.451414 0.911443 -1.379594 -6.834758 8.230482 9.710411 2.878787 3.776117 5.193436 6.083456 4.643840 9.012390 -8.766086 8.388553 6.415284 1.675599
-9.002045 -6.359462 -7.925946 -4.555909 -0.801444 6.951408 0.419749 -8.564167 4.261653 9.896784 3.571360 -1.080448 6.030335 -6.616031 -2.121150 9.828881 -6.000992 1.333371 9.966335 4.197330 4.528863 -3.404897 -6.097327 2.231630 6.999923 7.697543 -7.387165 3.917886 7.903695 -2.590883 -4.968830 8.882014 0.012683 -6.828563 -7.657050 7.967766 -5.753223 5.578065 -9.456062 -8.031842 8.823525 -3.009349 1.875549 2.350817 -9.818326 3.401617 -9.028018 6.096072 -3.311016 -8.247752 0.039763 8.294845 -8.539787 -8.196968 -6.437537 4.317711 7.764434 -3.164753 -9.996907 1.988849 6.588322 9.922171 1.923338 5.549337 7.703757 -2.964303 -1.036081 6.578763 9.275298 9.930308 -1.311954 9.981848 4.924370 3.880041 -8.149717 7.705561 7.357400 -4.183478 8.278544 -2.518591 -9.961786 -7.736364 -5.061552 -9.503067 1.945174 -7.462974 9.804380 2.207703 4.856965 -8.993640 3.894062 7.497252 6.322367 0.021286 -2.247348 8.825992 -1.552132 -6.676122 -5.584877 -5.031511
2.632479 -3.470800 8.632246 8.840761 -9.865598 -7.692738 -5.284844 2.053000 5.604658 -4.746208 3.853409 0.905779 -8.164417 4.370040 9.828881 -2.058474 3.227191 -0.606563 5.503747 1.468709 4.594748 3.930246 -4.359107 -3.511130 8.443471 9.409690 8.659452 -0.595652 8.881839 -2.924866 1.778035 3.441318 -1.772750 5.391887 1.437069 -7.182312 6.885328 1.710559 9.359089 -1.794216 4.609725 -4.351335 7.105651 4.681884 8.425506 7.479164 2.315036 8.809409 -0.270585 -7.725440 -1.466825 7.069333 -5.716220 7.483750 -0.612132 -8.099004 0.045540 5.389721 5.044452 2.102822 2.137121 -1.402885 1.705122 -2.010642 7.144328 -5.284773 -1.181489 2.715759 3.765178 1.349048 -6.544387 8.495456 3.126458 6.375552 -6.102784 -9.496549 -8.492231 -8.920711 9.606639 -1.211480 -1.343744 -4.310763 9.003587 3.287047 5.395099 -4.577575 4.695765 1.725191 -4.717449 -6.169311 -7.602027 -7.272981 3.001856 -7.802456 4.114936 -0.264218 -0.716276 1.556678 3.079174 -8.327444
4.082430 6.259329 2.160307 6.670405 8.887549 8.155139 -2.377671 4.771960 -2.514966 -9.523841 4.244259 3.434381 0.646649 7.254714 -6.000992 3.227191 5.329212 8.074447 7.235573 8.275222 1.652786 -1.619726 -2.741710 0.087385 8.685577 -1.514579 4.471722 -3.766929 9.226308 6.553060 -2.713206 -0.854448 -0.702705 9.629130 -3.206141 -5.606485 -8.190385 4.206350 -3.879217 1.998008 0.518291 -9.076095 -1.927091 -8.617977 -2.338752 -7.412499 -1.879021 -0.706105 -7.499139 1.970820 3.568365 -6.482355 -8.932451 -7.701452 1.703735 -5.327900 -6.018643 4.666705 -6.692531 -1.370008 -5.717833 0.383068 -1.772647 7.127619 -6.112277 -9.033955 6.311586 -1.171528 -9.872567 -8.239232 3.226632 -9.994449 3.296113 -2.227370 4.588503 -1.026375 9.717709 5.530829 -3.361707 -0.215039 5.836913 0.992358 -1.444784 -2.476835 -8.159984 -4.859151 -7.748659 8.282698 7.308745 -1.923705 8.284580 -1.065523 -8.244842 8.943144 7.425569 1.540162 5.498361 -9.043877 -0.448151 7.930634
-6.604273 0.535313 8.285501 9.489428 -6.958865 3.424996 -1.519781 2.337870 -9.041328 -7.197924 -6.735435 1.647532 8.230190 9.977661 1.333371 -0.606563 8.074447 -0.487699 3.249459 -6.344106 -5.390796 -3.100199 -5.041580 6.160362 -2.797467 2.967478 -5.590585 -0.955719 -2.771631 -2.798632 3.385589 1.601970 4.303936 -3.747709 -7.737327 -1.256971 -5.909584 -2.372257 9.473032 -6.750687 1.205066 -6.449153 9.093156 8.669608 -9.900034 -9.866666 -9.054089 7.923328 7.374793 8.148005 3.525802 -1.851324 4.803835 -1.952476 4.741277 6.647130 -1.686595 -6.596596 -8.983291 -2.173647 7.516412 8.330191 5.515137 -7.095168 -8.492155 -7.646735 1.327793 -3.777133 -2.275270 -0.459857 -8.820062 1.209674 -9.006290 -8.708633 -5.994634 8.193365 5.879596 -1.630270 0.046124 -4.788029 7.599327 1.894284 -2.774312 -7.864588 -0.136852 -0.076400 -4.058708 5.290480 -2.903225 5.493051 1.700451 -0.522274 2.145768 3.916669 7.463097 -7.724444 -4.725126 4.813462 -0.147300 4.326953
1.984142 -2.994906 -5.578234 8.822818 2.351712 3.909251 -2.952266 -7.411427 2.406543 4.485637 -2.453792 -9.931225 4.808130 -5.457856 9.966335 5.503747 7.235573 3.249459 6.622259 0.298884 3.339378 4.928737 -2.715816 -4.711699 -9.529146 3.636720 2.357589 4.003850 -7.299546 -3.473101 7.597691 -5.615091 7.161876 9.652109 2.995442 4.394785 3.159716 5.346271 -5.228429 5.798391 -6.441065 5.015433 -5.625396 -6.036302 7.877478 -3.233160 0.283309 1.574406 1.036095 -6.348825 -4.695082 9.754058 -3.547170 2.719587 8.096525 -1.709217 -6.804901 -9.977157 -6.080117 -8.525485 -7.825532 -3.719540 5.690393 -1.560799 7.653232 7.871972 4.227537 -7.785207 -5.979441 3.530227 -7.474676 -6.872593 -7.669847 -7.114009 -5.154881 1.907205 -5.613540 -6.764888 2.531796 -8.097878 -1.036717 -4.099535 -0.882845 2.028705 -3.551951 2.363123 -2.989456 -3.794322 8.830588 -4.310563 -7.629822 5.581994 -3.419506 8.363173 -0.149390 9.208782 -8.005338 -5.722702 -1.460093 0.223137
7.467016 4.611800 6.622603 5.109597 5.229435 2.779330 1.262885 -3.845501 6.766414 -9.896702 -0.874450 5.902929 -9.760950 9.812781 4.197330 1.468709 8.275222 -6.344106 0.298884 9.063886 -3.262780 2.457509 3.346720 8.329762 -1.687314 1.309159 3.041935 5.809859 6.294548 -7.537127 3.505320 -6.081497 8.283574 2.031398 1.701838 2.792480 -6.783354 -7.828512 6.206097 5.875807 -5.309054 -9.274835 -2.155749 8.319940 -6.766886 8.943681 -3.561741 -2.173768 5.475295 3.275043 3.647108 -3.049574 5.812328 7.797471 -7.908115 8.304708 -2.777912 -8.367119 -6.161872 -2.580161 -4.768556 -5.115059 -8.789053 2.382943 -9.879771 -9.317234 5.244407 2.756426 7.257189 -8.429100 -7.882769 -5.702413 -0.461897 -3.101595 -8.502218 3.225112 4.464508 -5.013981 -9.972141 -1.771024 -5.594980 5.171494 -2.692403 8.789382 3.136369 -7.041274 -2.697447 4.001628 -4.645259 7.140194 5.233347 -3.141601 -0.886263 4.585972 -3.563318 -8.683872 -9.843727 -3.520722 7.228247 5.142485
-1.870086 -9.473121 6.091023 -3.009875 -8.893120 -7.796422 5.311047 8.665335 3.123825 6.134450 3.125777 -9.471412 7.714400 3.411996 4.528863 4.594748 1.652786 -5.390796 3.339378 -3.262780 4.228361 6.063240 4.875167 -3.076362 -4.412242 3.443318 -8.148007 -3.547402 -1.192972 9.725476 -3.921888 4.821147 9.025516 -8.156546 -7.070023 -5.874789 2.421254 -5.982145 -1.919378 1.020508 -8.323857 0.938042 5.674201 6.299907 2.530139 4.048074 -4.024718 -3.441227 3.297640 3.430755 0.703908 -9.425984 -2.516791 0.297306 -3.186066 -8.204349 9.501988 -0.084819 -5.560873 -1.595950 -3.137469 8.550851 -5.850064 -2.023739 7.016579 7.640041 6.172218 -3.527775 8.683484 3.311526 -3.178774 -5.654364 7.111407 1.413304 -6.605137 7.467792 -8.822432 1.378307 5.205490 8.676694 9.196958 -6.729376 -0.624118 -9.559140 -0.466611 -2.329966 0.268584 -5.908852 9.930013 -6.277786 9.255271 -6.652563 -9.628664 -8.961855 -1.898165 -2.451588 -3.846331 -5.290960 -5.161066 -2.029953
9.470182 5.258511 -8.174373 -6.976701 -6.675034 5.541708 2.773417 -1.715737 2.121190 1.696702 -5.061435 -6.019027 -4.076198 5.415178 -3.404897 3.930246 -1.619726 -3.100199 4.928737 2.457509 6.063240 0.649035 8.324054 2.373764 -4.143771 -4.351767 -0.140314 1.736110 -1.205995 -9.158976 5.095950 7.636339 3.941939 -7.834905 -1.251205 -9.001445 -7.279644 -8.970165 -1.568176 3.658186 3.125350 7.762724 8.098698 -5.185899 0.591026 -6.620070 -3.509470 -3.658654 9.009305 -0.609052 3.664603 -9.023681 -1.009281 -2.983006 4.611067 -1.804505 -8.311243 -7.057511 4.417562 5.958080 -2.544255 -1.296631 7.514946 3.704207 -3.396767 -9.465668 -9.478257 -1.069942 -2.510355 8.456163 2.738515 6.227322 2.595144 -3.417231 6.602344 5.591211 -8.523293 9.020232 3.033259 -0.013245 -2.604716 2.530245 5.825286 5.576213 -0.584663 -6.430403 4.215027 1.955939 -6.534534 -5.916884 -5.074857 6.876745 -2.552593 -1.428243 -4.474024 5.073985 -1.527864 1.182433 -6.847013 2.254061
5.348646 -0.199754 -6.684413 2.589404 -7.295278 -0.514242 -7.172684 3.604798 -9.156596 -3.530025 -7.534109 -1.778780 -8.658714 -7.097958 -6.097327 -4.359107 -2.741710 -5.041580 -2.715816 3.346720 4.875167 8.324054 -4.739823 -2.212423 -4.185044 1.973021 0.560169 -5.234429 4.959223 9.666093 -1.982602 -1.596169 -6.817428 -0.517134 8.527440 0.684230 -0.138452 -6.969370 5.793674 -5.717647 3.513459 -9.288145 -5.855610 4.767490 7.205665 5.606934 -4.265935 2.436886 -3.262826 1.691151 3.166505 -0.543387 7.291768 -7.258728 2.558410 -0.798961 -8.138528 -4.241187 -1.623050 1.395075 7.032421 -6.095294 -3.599225 7.829177 4.973715 -6.776200 -7.600297 1.815285 9.499048 -9.501454 9.060256 -4.272928 4.891550 -7.718238 -0.427642 -7.375871 -6.269494 8.618020 3.064100 -1.665295 -8.619718 8.400331 4.366702 -8.833431 -3.473335 3.664314 6.123344 -4.960953 1.268807 4.837263 -0.113079 -0.523501 1.516867 -6.016074 7.842749 -6.915170 -3.264841 7.810955 -1.287611 -0.871063
-5.304241 2.738423 -4.926182 0.113846 8.256356 -2.870650 8.692226 5.836811 5.096993 -9.125237 -5.778085 4.046666 -7.011293 4.612241 2.231630 -3.511130 0.087385 6.160362 -4.711699 8.329762 -3.076362 2.373764 -2.212423 -1.548663 -8.378906 -4.277801 3.004562 -2.334069 -8.689556 -5.360181 -8.563848 7.409837 -2.873567 3.956700 0.257870 -5.982182 -2.529991 -1.557723 -0.651094 -2.945251 -0.825662 3.104189 -7.890818 -0.977136 -2.730302 -8.180968 2.465554 -1.434593 8.787604 -6.742048 6.406443 -6.911778 -6.261011 -8.816837 -4.587084 4.883809 2.183400 -3.602969 4.904855 -4.104468 -3.790861 6.993034 -8.084198 8.882603 9.902397 9.582046 5.452289 -3.379530 0.238660 -8.835723 -1.997229 -7.421019 -5.066203 -7.678322 -9.559252 -2.344783 -8.768364 -9.896636 7.232489 -3.551622 7.896679 -0.511728 -0.607317 -7.180137 3.436977 5.273279 8.007443 1.089909 -1.906044 5.115756 0.517650 0.146369 0.015613 2.404935 -0.262422 9.480205 -6.195330 -4.906201 1.476556 -3.523730
-8.375221 4.672692 5.665365 -6.589599 4.579801 -7.020645 -9.765452 -0.725217 5.163806 -7.850726 7.723984 -7.689155 1.205685 -2.073289 6.999923 8.443471 8.685577 -2.797467 -9.529146 -1.687314 -4.412242 -4.143771 -4.185044 -8.378906 2.155967 -4.668000 4.929590 -8.388238 -1.113701 2.022090 5.260230 8.683775 8.207077 -3.661535 0.586776 1.941928 -2.024350 -3.254905 -5.183874 -5.364737 -5.133914 -5.694241 -3.103794 -5.473986 -1.286076 4.922459 -8.237187 -2.401676 -4.967238 -4.361977 8.249009 1.086425 -0.451043 -0.677693 -9.982923 -2.992482 5.351496 2.590791 3.426878 -4.457034 -9.373262 3.579571 1.855935 -7.306657 -2.977063 4.495417 -5.521816 -5.162516 -6.402832 7.595724 1.331960 6.251967 -3.193011 -4.933708 -0.823633 -2.792720 2.759504 -1.009884 6.873549 3.745366 8.361611 -6.401223 -5.363231 0.174529 -6.687211 8.050800 9.803620 9.440233 2.001655 1.820050 9.587850 2.992173 9.443342 -5.742929 -1.414564 5.427295 -3.460996 -8.955214 9.710713 7.960762
-2.347271 -6.071093 -2.214529 8.605090 -7.276642 4.024485 -7.958764 -8.727769 8.079997 -7.153979 -2.995431 8.379520 3.952562 -5.762799 7.697543 9.409690 -1.514579 2.967478 3.636720 1.309159 3.443318 -4.351767 1.973021 -4.277801 -4.668000 -9.518827 -2.927650 -5.011287 -4.702073 -7.743067 2.270193 -4.870421 2.838961 -5.589141 3.309939 -9.859493 -8.497167 8.119618 6.421566 7.261146 -1.915136 -7.682677 -2.750674 9.414281 5.819000 -0.065371 1.304934 -7.966243 -8.649697 4.542591 7.334939 -1.673686 -9.641500 -4.696663 3.187134 6.169467 -9.770817 1.877705 -1.407302 7.478740 -4.808682 0.483885 -7.346954 -0.248519 3.138338 6.038754 -6.666791 -8.758838 -9.786652 -4.266747 8.784567 2.219538 3.767113 -6.123622 0.287671 -5.112863 8.112747 -9.053695 -5.449302 -6.426207 -5.265160 8.457514 5.445317 -0.557183 -4.571465 7.383521 -5.156408 -3.742312 2.962623 -7.199424 -0.718559 3.179606 -0.357254 -4.361147 2.203268 -9.668071 8.726324 3.334524 3.346038 -3.142443
9.414406 3.141568 0.416288 5.739600 1.485968 -0.477123 -2.949754 -7.620844 0.508363 3.077322 -4.210709 -5.402975 -9.294135 4.632382 -7.387165 8.659452 4.471722 -5.590585 2.357589 3.041935 -8.148007 -0.140314 0.560169 3.004562 4.929590 -2.927650 3.075412 8.453180 -7.408633 3.111306 -8.282608 -5.791525 1.839315 -6.636819 -5.019902 -9.498513 -1.515283 -7.356270 3.173850 2.902874 8.608685 6.160893 6.127255 0.768810 1.382527 -3.864282 -6.980120 5.119905 -9.756757 -1.806797 -6.832632 3.949249 -4.978282 -9.991247 -2.886798 1.588262 -6.086061 -8.432219 -0.306295 -7.899489 -6.703662 -8.453260 6.056079 4.528147 4.570826 1.875726 5.326716 6.110238 -5.230672 8.098144 5.510426 -6.270007 -0.002882 -8.440295 3.960200 -0.913034 -5.367023 -3.556222 -9.419083 -6.536259 5.087357 3.204607 -0.169349 -6.253353 -0.110786 -1.984267 -9.583735 6.159904 9.514377 8.136674 -6.922790 8.673687 -1.339630 4.834270 9.577297 5.636001 4.272626 -9.967107 2.831871 -4.735908
7.916780 0.340138 -3.442751 5.464476 -5.340285 0.993349 3.480982 -3.517936 4.065243 0.553503 -9.390939 -7.800139 -6.520876 -3.561844 3.917886 -0.595652 -3.766929 -0.955719 4.003850 5.809859 -3.547402 1.736110 -5.234429 -2.334069 -8.388238 -5.011287 8.453180 6.115031 -4.671036 -6.094894 3.109695 4.651929 4.968007 -2.710113 -8.869042 -1.991011 -2.915041 6.911140 -4.474732 -6.828670 -9.457584 6.384226 -0.313647 8.528715 2.113299 -1.782249 5.739119 -2.626111 2.944422 6.903177 1.693727 6.471059 -0.915545 -7.563676 -2.694774 8.925770 -4.587538 -2.749875 2.855601 -5.922131 6.739179 5.387505 7.797978 0.615270 0.848263 -3.245722 9.145554 9.325704 -2.888699 9.641179 -0.706506 5.754687 -0.971804 6.892740 6.276930 -3.635755 -6.140883 -9.814550 6.863454 -5.934546 -1.915738 2.186714 -7.894403 -1.226875 -0.084764 -4.632822 -3.845032 -3.458364 -4.716506 9.688948 2.156576 5.567170 7.418167 -2.859978 -7.644174 4.359833 -4.295074 -7.308032 -6.093497 6.592090
-2.676637 -3.292829 -2.312119 1.448293 5.834058 -4.791365 4.863140 -5.957073 4.537429 2.721704 6.490907 3.063489 3.644300 -3.904335 7.903695 8.881839 9.226308 -2.771631 -7.299546 6.294548 -1.192972 -1.205995 4.959223 -8.689556 -1.113701 -4.702073 -7.408633 -4.671036 0.361252 -8.434603 -0.370262 -2.990772 -5.908511 -4.343590 -2.708957 -9.442585 -1.524037 5.503605 -0.904403 -0.293373 9.284450 3.747891 -9.192858 -4.361008 4.541161 3.300003 3.148171 -8.698068 -8.424802 4.345697 -1.870930 -4.728104 -5.245092 5.744446 6.901448 -7.358695 2.416937 1.455828 8.108609 1.387883 6.151018 0.151720 9.957344 -6.918434 1.884989 1.007288 9.484424 4.717367 4.792339 4.843581 6.072594 2.093933 -7.265294 -7.794179 3.234441 1.257990 3.033680 7.052714 -5.028069 -6.760665 -6.489609 9.148838 4.527121 7.330900 -9.563996 -2.077016 -8.400363 -4.901243 4.802501 -4.370171 -9.468324 5.874341 -9.951474 5.583906 8.702574 4.168561 0.998708 5.291240 9.877862 -2.775889
-6.244504 -2.576065 0.218882 1.461049 -6.993147 -8.478956 -5.212853 -0.531691 0.576506 3.676608 -7.320468 8.061499 9.757889 -0.160420 -2.590883 -2.924866 6.553060 -2.798632 -3.473101 -7.537127 9.725476 -9.158976 9.666093 -5.360181 2.022090 -7.743067 3.111306 -6.094894 -8.434603 -9.326467 -9.925729 -1.723217 -2.111737 8.038309 -0.136701 2.473118 5.691157 -8.719762 6.963750 -0.251690 9.844989 4.731904 9.115935 -8.486165 -6.979121 1.912319 0.352239 0.084611 2.063425 -0.010815 -1.768913 9.878195 2.827009 -6.457447 9.685327 1.295285 9.849941 7.966437 -8.091872 -0.099876 1.384903 -3.930389 1.953125 6.164299 3.368380 -7.633246 8.036423 8.162591 8.662244 6.333606 8.920882 -6.731388 5.564088 -4.372988 3.196229 -0.975907 -2.061174 -2.143994 5.897258 -4.782189 5.750920 -4.289323 9.356081 7.650882 8.374947 -2.266374 9.059484 2.745786 8.423869 -0.041950 -5.055458 -7.081877 -5.113489 -2.405110 -2.687180 -3.441800 -6.338499 8.844482 9.207008 2.185586
8.615118 4.077667 -1.255592 -4.145896 6.176286 -5.819099 7.579955 3.871224 9.329632 -7.247516 4.887033 9.618054 0.842092 3.826199 -4.968830 1.778035 -2.713206 3.385589 7.597691 3.505320 -3.921888 5.095950 -1.982602 -8.563848 5.260230 2.270193 -8.282608 3.109695 -0.370262 -9.925729 5.916305 -4.667720 9.623063 -5.176688 -4.601981 -5.493796 5.772506 -1.492184 0.863421 -8.490829 -5.358644 -2.728377 4.171520 -9.256576 4.734190 7.529946 -4.191378 -4.488298 5.181837 -8.871715 -6.920318 -9.787701 -1.898305 -4.806073 4.325484 -1.596089 -5.466753 0.274344 -9.106056 -5.476002 4.831380 1.007006 4.753541 -7.244809 -3.512821 0.011836 -1.067077 5.644982 -4.794903 -7.938232 2.143041 -1.903749 3.697879 -9.755873 -6.960487 -4.910036 -2.978760 -4.024029 8.147434 -6.068701 3.343436 -6.872751 9.677797 -5.270411 0.201427 5.377496 -0.430299 7.966866 -0.888639 4.649575 5.411345 8.478031 -9.736906 -8.179789 2.292252 5.874865 -1.137573 0.810157 -3.695676 6.774130
-5.719381 -6.654100 -2.733669 -0.069594 4.835404 -1.589436 -3.688313 3.657981 3.119839 -9.001245 -3.638872 -9.369795 -6.959046 6.929937 8.882014 3.441318 -0.854448 1.601970 -5.615091 -6.081497 4.821147 7.636339 -1.596169 7.409837 8.683775 -4.870421 -5.791525 4.651929 -2.990772 -1.723217 -4.667720 2.632133 -1.733502 5.034602 -3.442888 -4.619019 8.140449 -3.480362 5.553445 -3.252640 -7.120327 8.667897 1.350581 -0.777631 -9.644640 2.528720 0.204883 3.472948 9.832599 -3.502268 -2.613366 -2.836425 8.209826 2.545976 -9.789004 -3.787407 5.046536 -2.863844 7.368942 9.812963 6.463654 -5.370469 -1.470728 1.471680 -5.472077 -9.196866 8.269136 -0.631442 7.350229 -4.706434 -1.043746 -2.238266 1.466646 9.914384 -8.947330 2.225076 -3.148712 -0.394295 -6.915951 3.615190 0.493667 -2.937632 7.220783 -0.297779 -4.774917 7.966250 8.764275 1.170627 -5.273022 -3.688383 9.353856 -9.740849 5.546047 -7.590012 -5.329801 2.026291 -4.122284 -3.223053 -9.858651 5.651813
-5.637105 4.548700 -4.781740 -9.667086 8.632159 6.345141 -9.468275 -0.312930 -4.869087 -3.920409 1.473941 1.857534 -0.684606 -8.541110 0.012683 -1.772750 -0.702705 4.303936 7.161876 8.283574 9.025516 3.941939 -6.817428 -2.873567 8.207077 2.838961 1.839315 4.968007 -5.908511 -2.111737 9.623063 -1.733502 4.929005 1.780434 3.747589 5.728455 -1.862490 -2.864517 -3.943605 -0.167531 4.306740 3.382844 -4.546373 9.105394 -5.642138 -7.413216 6.072284 -3.130951 -1.892658 -9.907276 8.406369 5.850293 5.880887 0.066930 4.886949 -5.041201 -7.466939 3.161906 2.157129 -5.134165 -9.904984 6.935429 3.750566 -4.230053 5.493386 7.341385 6.653908 -7.762207 0.585755 4.777134 9.298694 3.152457 3.346792 9.530171 -6.421369 -3.946522 -9.200830 1.648733 -9.745453 8.166108 7.775594 4.401230 -8.520046 3.580043 9.784986 -3.742733 -4.113041 -7.882928 -8.378249 6.768337 -4.561253 -0.982322 -9.893359 2.318702 -9.568264 6.181162 6.787821 2.903898 5.811201 8.849987
-2.826130 9.998434 -6.710565 5.278782 0.688793 2.776918 6.696266 0.581637 5.253526 9.679262 -7.476463 -0.419948 -6.170853 9.557047 -6.828563 5.391887 9.629130 -3.747709 9.652109 2.031398 -8.156546 -7.834905 -0.517134 3.956700 -3.661535 -5.589141 -6.636819 -2.710113 -4.343590 8.038309 -5.176688 5.034602 1.780434 4.480684 6.857965 1.820109 -9.424932 -4.831231 1.498684 8.384711 1.844763 4.939058 -9.253106 3.040171 -3.840654 -9.877344 -8.524476 9.134523 3.928878 -7.352197 -8.378915 -4.432606 1.187112 -8.207342 -0.789165 -3.496137 0.423447 -3.132672 9.182333 7.473793 -7.967612 8.346725 3.414170 1.947731 -4.487441 -0.416392 1.704514 7.769372 -0.160941 -4.938708 -4.869760 -6.053543 -1.898697 8.607411 4.753738 -3.923142 3.755222 -5.977318 -0.778086 2.715884 5.862958 -1.262218 5.906175 5.076817 6.056774 -3.804145 3.736146 -6.597839 -9.883610 6.163117 3.503490 3.152889 -9.392372 2.397743 -1.139756 4.126868 0.276007 -1.155743 -4.573206 -1.881465
1.225023 3.677572 -4.461027 0.494935 -3.449425 -8.334197 4.147037 -4.431449 -3.994655 -0.651784 3.087767 1.940324 6.466081 5.291933 -7.657050 1.437069 -3.206141 -7.737327 2.995442 1.701838 -7.070023 -1.251205 8.527440 0.257870 0.586776 3.309939 -5.019902 -8.869042 -2.708957 -0.136701 -4.601981 -3.442888 3.747589 6.857965 -5.356656 -9.322615 -5.195081 6.276469 8.611287 9.895427 -7.558823 -1.130232 4.184729 -7.264899 -1.151000 -4.860227 -5.832425 -5.561341 -9.460825 -8.091530 5.650471 7.459364 9.524041 -9.448946 -8.435685 1.440943 -2.071928 -2.901505 -5.596185 4.920607 0.650021 4.906095 -3.252985 7.076577 -3.971255 -4.883720 -0.677450 -5.895837 8.671242 -2.437147 -1.137316 5.133600 0.409250 -1.733783 0.312014 4.024991 8.017462 9.477843 -5.886761 1.201231 9.085044 -7.667779 7.630687 8.963313 6.398770 4.128126 1.419569 -1.298051 3.653129 -1.858063 -8.463608 -7.852889 -3.508403 -5.733137 3.159268 -2.179096 -4.073240 1.056888 3.111085 8.005971
8.967120 8.957138 3.514526 -1.621733 5.509087 7.152730 -0.745157 0.638144 1.840599 5.467810 -3.900565 -8.980714 -4.580215 1.525691 7.967766 -7.182312 -5.606485 -1.256971 4.394785 2.792480 -5.874789 -9.001445 0.684230 -5.982182 1.941928 -9.859493 -9.498513 -1.991011 -9.442585 2.473118 -5.493796 -4.619019 5.728455 1.820109 -9.322615 -4.534948 1.129590 5.020360 -2.806287 -5.269903 8.733265 -0.018138 -4.844361 0.821681 9.987554 0.816959 -9.370735 6.060478 -1.553047 -2.066208 -6.752993 2.438712 7.424838 9.250727 -3.028849 -5.857107 -0.404305 4.848416 7.321264 8.487763 -6.173458 2.685371 -6.967088 4.154936 -7.987551 -6.775589 2.679483 -5.930744 1.977645 -1.726175 8.171252 -5.760870 -2.945945 7.510074 1.815496 -6.950911 -3.960752 -8.365596 -0.573088 8.110440 -7.831320 -0.989727 5.659700 2.580194 5.315619 -0.393550 5.601075 -2.738721 -9.690334 -5.435641 3.174266 9.887283 -4.438421 3.462526 -5.322014 -7.093179 4.939590 -0.307879 5.470507 2.818402
-9.612835 2.619861 8.630953 3.540570 -8.775201 -4.065297 -3.860571 5.288286 -5.054667 -2.521008 3.202022 1.141394 0.327295 2.283449 -5.753223 6.885328 -8.190385 -5.909584 3.159716 -6.783354 2.421254 -7.279644 -0.138452 -2.529991 -2.024350 -8.497167 -1.515283 -2.915041 -1.524037 5.691157 5.772506 8.140449 -1.862490 -9.424932 -5.195081 1.129590 6.224875 1.470860 0.751948 -2.011556 -8.218992 3.406346 -9.541064 3.333791 -8.977207 0.087103 3.933092 3.478949 -9.304128 5.526962 -8.350938 5.776755 9.914044 5.334881 3.347814 6.714999 -1.007676 3.995741 -3.587158 -9.362047 -7.922482 6.852607 -8.233696 -3.722690 -7.246855 2.101712 3.478118 -3.274353 7.944371 1.036837 6.118269 9.739918 -1.191898 7.766979 -0.381905 1.321978 -1.517372 -2.465519 2.025484 2.315401 -5.056127 1.678517 -9.161797 -2.320421 0.685362 -1.126793 1.994831 7.130244 -1.990181 -8.968764 1.988099 -6.014794 9.360412 0.448795 2.895895 -8.689338 -1.700414 1.136644 3.570602 -8.898877
-2.916015 -7.988698 0.433367 6.357751 -4.804955 -5.439966 -4.616166 0.230193 6.215437 9.424680 -3.610238 3.404890 0.850428 -2.071062 5.578065 1.710559 4.206350 -2.372257 5.346271 -7.828512 -5.982145 -8.970165 -6.969370 -1.557723 -3.254905 8.119618 -7.356270 6.911140 5.503605 -8.719762 -1.492184 -3.480362 -2.864517 -4.831231 6.276469 5.020360 1.470860 -1.832389 3.035592 -0.810648 -4.562396 -0.186667 2.682096 -2.020900 -5.261978 1.934000 4.736409 4.824631 7.568949 -8.670655 -7.690514 5.534035 -9.468076 -9.959839 4.982399 -0.815196 -1.005205 5.513690 8.594407 6.199559 -4.010643 -6.884990 3.974673 2.320974 8.612365 8.019107 -2.872064 9.226481 9.468226 -7.517879 7.015963 -2.701567 -5.230278 -5.288417 -2.427837 -4.660645 8.531596 -9.469337 8.851831 -7.271441 8.896025 -4.507362 4.771844 0.389261 2.310082 5.541379 -6.044511 9.897492 7.146586 -7.331735 -4.462423 0.053105 -7.458075 -7.865190 9.754609 5.716434 -3.892855 -7.219912 -5.067067 -2.192011
-9.466164 -6.049588 3.601081 -5.275611 3.119414 -9.514234 -3.907543 8.849735 2.850078 0.588869 2.730535 5.985879 -6.849505 -8.346493 -9.456062 9.359089 -3.879217 9.473032 -5.228429 6.206097 -1.919378 -1.568176 5.793674 -0.651094 -5.183874 6.421566 3.173850 -4.474732 -0.904403 6.963750 0.863421 5.553445 -3.943605 1.498684 8.611287 -2.806287 0.751948 3.035592 -8.690698 -4.559517 8.195791 6.657641 -5.031196 0.680570 -1.659663 6.047105 -6.298824 -4.328665 8.124299 5.098334 7.707036 -7.844280 1.190521 9.078238 -2.056584 -5.004011 -2.416932 -1.372399 -5.915787 -6.635148 3.059389 -0.852969 4.147582 8.414043 -5.187107 0.292399 -5.658153 3.414779 -7.813813 -6.752992 2.466104 7.807096 -6.130645 2.246613 -1.171776 5.952847 9.504572 3.347773 6.025183 5.251677 4.942642 -9.009786 -7.466352 -6.985165 0.340134 -3.369840 3.092100 8.921296 0.228602 2.119084 -4.559960 0.758549 8.928324 -1.656772 -5.366794 0.289969 -6.488478 8.143280 4.108189 6.335761
2.180555 4.568623 3.374714 -7.185934 7.986847 -5.735387 5.916835 -2.506068 1.261512 -2.872125 -7.900056 4.670267 0.367802 0.489936 -8.031842 -1.794216 1.998008 -6.750687 5.798391 5.875807 1.020508 3.658186 -5.717647 -2.945251 -5.364737 7.261146 2.902874 -6.828670 -0.293373 -0.251690 -8.490829 -3.252640 -0.167531 8.384711 9.895427 -5.269903 -2.011556 -0.810648 -4.559517 9.401386 9.088522 -9.217480 1.816900 -3.360512 -0.128976 -7.691329 -8.172442 5.772793 3.327294 1.833359 -6.733421 -8.607405 -4.663578 -0.761539 0.818089 9.626837 -1.743339 -0.306058 -3.908979 1.783756 -0.411579 2.585345 -8.112841 7.480751 8.984641 4.868552 5.761646 -4.016890 8.137415 5.530216 6.340669 7.624834 -9.421819 7.494778 4.734919 -0.215838 -7.584215 -7.899018 1.212397 -3.242065 -9.384733 -9.209417 -2.679221 -9.665671 9.074232 -9.383238 -4.088024 -7.425327 2.521724 2.613685 8.206097 -0.133381 -1.734418 9.644517 -4.611004 2.851203 0.175029 1.713301 -4.548918 6.332251
8.586211 4.842286 -1.181632 6.004158 -5.070247 5.346948 4.250427 0.512293 2.232963 8.194340 3.766481 -6.819711 1.652359 -5.637494 8.823525 4.609725 0.518291 1.205066 -6.441065 -5.309054 -8.323857 3.125350 3.513459 -0.825662 -5.133914 -1.915136 8.608685 -9.457584 9.284450 9.844989 -5.358644 -7.120327 4.306740 1.844763 -7.558823 8.733265 -8.218992 -4.562396 8.195791 9.088522 -2.992249 9.275324 -9.623745 -6.288786 4.373107 -1.191113 0.957229 8.144720 8.307793 9.068967 2.125726 7.079754 9.429784 6.383094 0.669058 4.857306 -3.259103 4.262190 -5.371069 8.447030 9.231483 -6.472341 -0.642815 -3.796788 7.386362 2.593837 -5.389293 2.154399 8.985467 -1.249660 -3.032769 8.255194 5.049410 5.434559 -1.371357 -8.398494 6.503785 9.115739 8.218307 5.089048 -8.376750 -8.045311 2.456282 2.729246 -9.557811 1.876108 -8.252374 2.342386 8.487763 -6.160623 -1.592656 -7.774359 -3.658847 5.750718 -7.682523 -0.167346 7.407391 -3.976250 -8.829826 -2.885341
8.449356 4.297757 0.307898 -8.112651 4.355139 6.151269 -3.067348 -9.892097 9.405252 2.264726 3.243629 1.124578 -8.796194 -9.353635 -3.009349 -4.351335 -9.076095 -6.449153 5.015433 -9.274835 0.938042 7.762724 -9.288145 3.104189 -5.694241 -7.682677 6.160893 6.384226 3.747891 4.731904 -2.728377 8.667897 3.382844 4.939058 -1.130232 -0.018138 3.406346 -0.186667 6.657641 -9.217480 9.275324 -7.049626 -3.070424 -4.612729 -6.143616 4.239028 5.339846 6.788337 -8.418224 -5.089306 4.031237 -6.996178 -4.755377 -3.628495 -4.123090 3.225275 7.199668 4.812220 -1.024140 7.277081 5.899151 7.027932 -1.539928 -1.569367 3.644281 9.431999 3.608594 9.635338 1.123901 9.401381 9.005562 -3.518034 -7.599515 -5.051911 -7.461692 -8.658704 -6.845374 9.806794 2.785392 -5.911338 8.144558 5.579051 7.103753 -7.225910 -5.875242 -5.195212 4.073189 -1.906831 -8.114877 -6.743962 -5.762909 2.794594 8.734745 4.853907 -0.384398 -0.576490 -9.066196 4.442110 -1.455768 -7.090085
