-7.246180 -6.541130 3.224004 5.832897 -6.503190 0.885735 6.551917 -1.935708 6.553338 1.953345
-6.541130 -3.473293 4.356791 4.586839 -9.002045 2.632479 4.082430 -6.604273 1.984142 7.467016
3.224004 4.356791 5.348646 -5.304241 -8.375221 -2.347271 9.414406 7.916780 -2.676637 -6.244504
5.832897 4.586839 -5.304241 -2.826130 1.225023 8.967120 -9.612835 -2.916015 -9.466164 2.180555
-6.503190 -9.002045 -8.375221 1.225023 3.905717 3.384075 -3.855175 6.078931 8.596575 2.632560
0.885735 2.632479 -2.347271 8.967120 3.384075 8.234724 1.003313 2.683075 -5.550306 -3.986831
6.551917 4.082430 9.414406 -9.612835 -3.855175 1.003313 4.820118 -8.268569 -9.837762 -3.262584
-1.935708 -6.604273 7.916780 -2.916015 6.078931 2.683075 -8.268569 -6.536470 1.554221 1.785528
6.553338 1.984142 -2.676637 -9.466164 8.596575 -5.550306 -9.837762 1.554221 4.899348 3.346681
1.953345 7.467016 -6.244504 2.180555 2.632560 -3.986831 -3.262584 1.785528 3.346681 -0.612581
