-5.470857 -5.451601 -3.596462 -0.267484 -0.713434 3.801504 -9.932734 4.856858 7.107589 -2.342315
-5.451601 -2.587846 9.353192 8.688260 -9.707874 4.107737 -0.942122 0.739106 4.273889 -3.903669
-3.596462 9.353192 0.245414 -6.735791 -6.236531 -5.833525 -6.685865 2.557784 4.783175 9.129224
-0.267484 8.688260 -6.735791 -2.210198 -0.955167 2.964189 -8.408694 -0.887900 -2.178954 8.698895
-0.713434 -9.707874 -6.236531 -0.955167 1.543397 -3.596825 0.230713 -9.398725 7.142281 -5.495397
3.801504 4.107737 -5.833525 2.964189 -3.596825 1.216008 -8.890506 6.559176 -6.226208 5.892669
-9.932734 -0.942122 -6.685865 -8.408694 0.230713 -8.890506 2.330211 4.541164 3.361919 -9.848743
4.856858 0.739106 2.557784 -0.887900 -9.398725 6.559176 4.541164 6.485393 -4.848935 -7.103436
7.107589 4.273889 4.783175 -2.178954 7.142281 -6.226208 3.361919 -4.848935 -7.318387 -6.567664
-2.342315 -3.903669 9.129224 8.698895 -5.495397 5.892669 -9.848743 -7.103436 -6.567664 8.610579
