2.189370 7.468762 4.160801 -1.267003 0.526318 -5.887028 -9.602829 3.716812 3.482498 4.627190 3.111300 -1.916036 -5.153608 -4.902023 7.690563 -1.023948 -7.582566 3.397802 0.487526 4.201959 2.537349 6.315634 0.046261 8.289655 -9.443545 -5.730566 -4.083894 -7.562680 4.508701 8.926953 8.588589 -3.301929 6.395715 2.749390 5.431068 -3.077967 6.862362 5.828239 -9.361155 0.344860 0.455429 3.750146 8.428824 5.301820 8.848123 6.119387 -5.722128 -8.734443 -0.482811 4.765398 5.467516 -7.945462 1.081032 -4.486224 -9.655807 1.637487 -0.216790 -3.739701 4.074806 -5.708089 -4.812748 2.663395 0.989982 -8.417033 -4.587215 -3.578950 -1.495000 -7.724853 -7.750711 -0.856154 2.620007 2.704718 -7.106009 1.048831 -1.993462 -8.257886 -2.831782 2.284411 -6.992330 6.685407 -2.950191 8.475186 8.739945 8.130841 -6.011037 9.084138 -0.231672 3.772173 -4.655563 -6.156866 8.064084 0.531689 6.506529 -0.945934 2.114657 -8.080686 5.475117 -9.380343 -5.805539 7.724406 -0.236497 6.814468 0.429124 2.657494 -2.136701 8.435662 4.399608 5.031516 0.720073 7.407278 1.716923 7.769882 5.882464 0.456868 5.900722 9.871427 -0.458994 -4.330950 3.643600 4.885443 -0.487816 1.707684 -4.582868 -3.981287 -9.238249 7.531789 -2.061973 6.236867 8.151446 2.132488 3.961273 -2.085052 -1.053044 -5.609603 -9.427558 6.810254 -7.173940 4.972050 1.841771 3.546132 2.379328 -6.441306 1.316014 -1.738208 4.015562 -2.783264 -1.866781 -6.443432 2.885786 -8.223180 8.442010 -7.602030 3.484504 -6.140857 -1.583317 4.246254 -8.609069 6.354709 0.483122 9.542377 -1.512803 -5.555605 -2.542675 7.434153 -1.165208 -1.970232 4.244407 1.660852 -6.998182 -3.913822 -4.793016 5.381146 -0.355128 6.522998 -6.357062 -6.339566 -6.260265 1.776157 -2.782998 6.625521 3.552977 -4.340987 9.023490 -2.962519 -0.481845 -2.559827 -8.716265 0.909086 -6.205118 1.766857 0.451464 2.282080 6.211252 7.908789 -0.283767 -4.953956 -4.061443 -6.039360 6.706896 -1.059626
7.468762 -8.086120 -5.678480 9.691690 8.436879 -2.035542 -6.647875 -7.823387 9.740615 0.569127 8.802134 3.293592 6.228139 7.825624 -9.668927 -4.253706 -4.734203 -8.385192 6.655381 -0.939320 3.381665 -2.893156 -8.657241 -0.407084 -4.984367 1.058992 4.638960 0.954190 5.019632 1.345857 9.894564 -4.933550 3.259737 -5.783916 -5.241860 1.696616 2.180542 -1.889735 3.873229 1.921157 8.679391 2.675362 -4.785251 4.907531 0.500987 -4.454178 -9.346175 5.766784 -2.839371 7.309206 -5.172537 -9.457706 -5.583950 -3.829777 0.135210 -0.568317 7.229214 -5.225829 -9.614127 2.248846 6.120027 -9.719563 7.315296 -0.620236 -5.503479 -7.926563 -8.923620 6.677063 0.183702 4.949608 -1.401781 -1.136907 -2.375029 3.812968 -6.229376 8.125957 9.358790 -5.575551 3.892741 -3.480581 -8.266346 8.720205 -2.938287 -3.850296 -5.109573 7.196923 5.581387 -7.880358 -8.028907 5.967260 4.368488 8.091121 6.247697 1.683785 -2.529115 -9.255782 3.757221 -1.452736 7.421280 -6.059077 -6.503128 -3.980501 2.804016 1.121843 9.832468 6.574640 -0.752200 9.191257 -9.000911 -6.859458 -4.289324 -7.267257 -8.139254 2.772389 -1.117553 -3.248826 -0.030688 -5.536166 -1.129185 1.940405 -9.568907 -6.760697 0.031526 6.678790 4.923088 7.502411 7.423008 -1.319691 -3.950325 4.844288 2.621233 -0.453453 -9.136213 -4.574751 -9.331610 -9.303745 -8.000111 -0.083809 9.887512 -7.001022 3.056732 -4.401812 -4.268279 4.917478 8.370577 4.614168 -8.331348 -1.660112 9.078002 0.539467 -9.719706 9.509095 3.778771 0.311819 6.187885 -1.298141 -2.185770 3.610893 7.382168 3.863905 -1.544819 0.003401 -6.589548 -0.681032 5.428649 -5.921158 0.015223 7.428539 3.995033 -0.097266 -9.572484 -2.948235 5.500922 -3.840763 -8.030757 3.871499 -9.226595 -6.362105 -7.788613 9.851406 4.177362 -7.508319 9.360501 -2.043867 2.803501 5.548386 6.657991 -9.382269 -0.840721 4.040159 4.481635 7.614460 -5.956440 7.892087 -3.066572 9.472210 -8.029071 6.948650 6.900748 5.965962
4.160801 -5.678480 -6.982274 -7.647693 -6.512498 -5.013030 6.223806 -5.739093 -1.375135 8.435193 -5.887687 -7.197773 -9.073126 -6.527186 0.758360 3.730375 9.021201 -2.583649 4.348106 -1.819520 -8.543489 -1.170259 -4.205060 -4.499929 -3.278172 2.728367 -5.027720 -1.307243 -0.322983 -8.126972 -5.341282 6.528402 9.201293 -2.323555 8.880708 -7.311205 2.663414 5.104514 -3.050299 -8.711721 3.539707 1.062014 -5.909494 4.466582 4.534829 4.848866 -1.803043 3.556029 -7.734783 -7.454938 -8.263491 -6.278272 1.374803 -2.468551 -0.778201 8.096631 -9.740184 4.194079 -3.210612 -0.063167 6.067107 1.448106 -3.534765 5.268400 9.124551 -4.654057 7.957195 1.787966 -9.549543 -5.093104 3.076245 3.990165 5.968910 7.166751 -1.543254 0.503739 2.015617 6.653703 -5.940232 4.280834 9.198766 -4.203723 8.002561 0.573569 3.327726 -2.775640 -1.329800 3.587542 -8.581561 5.459587 -6.475625 7.485546 -3.092306 -0.010390 2.753946 -3.967755 5.335553 0.711141 7.820210 5.786010 5.618037 0.896455 -0.223826 1.586947 -1.936794 8.232921 -7.909314 -9.921177 4.886624 -3.849546 4.359657 4.085389 1.946731 2.362218 -5.341042 -4.725543 9.586578 3.329158 8.861999 -8.994983 -1.211255 -7.613626 8.490563 5.696439 2.375983 1.244509 -8.271317 -2.288464 -8.044349 9.548894 -6.502454 7.573688 0.445349 3.273720 -0.839365 8.508555 1.506640 1.251322 8.587378 -3.606736 7.401776 2.947035 -9.521347 -0.651493 -4.690747 -4.862389 4.622964 -5.104169 8.466769 3.484963 -4.099153 -2.744486 5.871337 -5.608590 -7.048048 -1.752680 5.635920 -5.319364 5.958856 7.591571 -5.770470 9.456402 5.165259 4.674879 2.730121 -5.674106 3.183434 -5.763238 5.577216 1.770812 0.630026 2.978991 -5.282153 1.108679 -7.672502 0.027099 6.246290 6.950462 4.922930 4.713059 0.435425 -9.176223 -8.031428 -3.693238 -4.784812 -5.079475 4.554082 -9.148892 -0.398839 0.512938 8.442678 3.830690 -0.030660 3.607937 -1.494431 -7.300539 7.933831 -8.310997 -3.063777 3.511046
-1.267003 9.691690 -7.647693 8.177662 -1.325073 -1.182464 -1.795239 -5.078783 -4.232002 -6.872309 9.634276 6.203423 -6.048532 -8.397151 -7.489815 -0.833344 -3.476627 7.064267 0.017764 6.124534 -2.422795 -1.539558 -0.044776 7.546545 -7.931622 8.460793 -9.753993 -9.997791 -9.850204 -2.817770 3.513255 3.609612 -5.251521 -9.996707 1.787273 3.423406 -1.179172 9.992035 8.344624 4.588826 -6.880274 7.978900 0.792249 -2.928806 9.581748 3.302434 6.237850 -3.894878 0.366701 -3.744386 -7.770345 7.943906 4.716056 2.184880 5.490452 6.784435 0.645673 5.736459 6.786644 0.795470 -7.081311 0.299899 -5.594919 -2.332833 0.303191 6.192355 -8.909427 9.124020 6.184389 9.435197 3.712846 9.304115 7.414097 -5.494905 -3.624691 6.995845 7.807528 -7.386840 -6.899034 -1.825771 -1.131226 -4.669378 -3.881864 -6.415170 7.515502 -8.391413 -9.630735 -1.838825 7.345046 7.155908 8.956644 -9.736265 -2.544193 -6.638275 -2.069098 7.758999 9.554080 -0.978524 6.883018 5.738469 -1.543327 0.595864 5.042584 -4.129231 5.100959 -8.582106 -7.133386 2.908487 -5.968946 -4.032420 -8.917284 2.899828 1.298202 -2.799148 6.484658 -1.186296 -1.190560 6.853923 6.974878 -3.845514 4.009831 5.931523 -3.581780 -8.534362 9.293248 4.349123 9.224637 8.847328 -6.629402 6.107655 4.585797 1.827271 -3.296481 -0.371618 7.698040 -8.195522 1.046275 -9.435346 4.712965 5.077329 -3.467765 5.795681 -2.022844 7.830437 -7.003467 -5.538186 -3.355860 1.805973 -8.684263 -6.380981 7.960459 5.325568 9.550541 -5.621321 6.791206 8.843789 8.727802 6.015842 7.691117 -7.901600 2.123497 2.276914 3.925671 8.827016 -8.094704 1.623711 -9.368506 2.951571 2.188365 5.344459 -1.971100 8.720599 1.140140 6.006057 6.551036 4.136673 -9.532129 -6.804824 -4.057354 -8.216393 -3.185805 -6.096895 7.109175 -3.635264 -1.718216 3.900381 -4.791475 -2.990415 -0.083777 -7.100358 -0.892015 -7.960280 5.176557 -6.966344 -9.133263 7.081853 4.657366 -8.501770 0.033424 -3.154269
0.526318 8.436879 -6.512498 -1.325073 4.068380 -7.882634 -7.880498 4.536251 -4.687457 -1.937852 6.319859 2.126738 1.965253 3.429034 8.491474 -9.752964 -2.670586 -6.300001 -2.743378 7.245637 -3.400358 6.364607 9.285358 -8.223801 9.398263 -9.847906 8.858051 4.055629 -8.349675 -1.108525 -9.098640 8.493014 -3.046201 -3.532310 -3.524158 -8.977821 -1.414943 -1.404656 5.558431 3.897599 6.657492 1.878289 -3.975663 -1.377255 -4.692677 -5.484189 -1.130218 2.636737 -1.784190 6.126403 -0.117626 4.815452 2.491011 -0.832268 6.591651 1.889273 -0.680174 5.449702 -4.055098 0.970151 -5.658823 -3.153737 -0.536836 1.294976 3.313953 5.939007 2.317156 -8.100990 -5.465649 -2.124414 5.796609 -8.808157 9.753875 -8.179054 -0.185411 -4.938802 -3.663243 8.684370 7.697935 4.552567 4.810774 -2.419690 -0.631981 -2.698216 6.748041 -4.040330 9.191057 -3.932133 -8.590628 -4.864040 7.038018 -4.249451 1.982222 -3.498818 7.045525 -4.703825 -7.559811 -0.637319 -2.804815 -3.025460 7.238267 -7.008206 -1.833617 6.992143 -5.187260 7.980972 -7.946659 1.149496 6.665342 9.751276 -4.297937 1.476116 -2.668414 5.070083 8.777900 -5.920373 -8.970247 7.968957 0.147494 -7.560875 -6.895083 -2.814488 -1.810326 5.087139 3.686695 -4.764801 -9.616686 6.126884 4.597880 -2.421501 -6.898576 1.836147 0.570293 1.267807 -1.171710 5.383033 -0.751221 0.881631 -3.467471 -4.085879 0.632907 2.234593 7.390237 7.964493 -2.695325 6.168136 -7.955880 -1.665572 4.137093 2.191615 0.773553 7.242010 9.377127 8.963227 2.329149 3.063822 -5.801574 2.712463 -0.809294 8.796306 -9.709038 2.292129 0.632454 0.861255 -6.440064 9.460744 -3.755712 2.808715 0.342375 2.776817 8.722836 -9.024718 -4.988590 6.113073 8.939776 2.316085 2.281209 -9.016104 -9.349487 -3.581698 3.175511 1.424066 -6.339688 2.552638 0.387293 5.989461 -4.383540 4.585718 -1.298077 4.807166 3.382024 -1.007115 -2.900705 -5.985522 9.854140 0.659231 -6.524778 -3.901572 -6.532054 3.817597
-5.887028 -2.035542 -5.013030 -1.182464 -7.882634 3.732654 6.202741 0.585065 4.716550 6.853254 7.003367 -2.107939 -1.722680 -9.336321 -9.555301 8.664612 6.653139 -3.938840 3.250331 -4.644937 -9.131675 -3.367645 4.347948 -2.032380 0.646833 4.202088 8.626851 4.122055 -9.699484 -7.905202 -2.060349 9.175762 -5.714420 -7.267470 -6.937583 -7.410564 6.465185 9.265158 3.174501 1.181735 6.118412 0.177868 9.073797 -5.604268 0.841546 9.518496 -6.939656 -2.505314 -4.420344 6.310675 2.849749 -3.552019 -7.056970 -2.802303 4.415601 3.589863 -8.600215 3.042452 -2.288082 -8.299699 5.137250 5.651570 -9.123937 9.422830 8.384100 -6.061520 -7.987734 4.849285 -6.796362 5.186767 -3.968980 9.322050 -4.635366 -4.895183 -6.282218 6.206181 -5.376687 -3.221874 -6.299134 0.202968 -6.911200 6.550615 6.650949 -3.968169 -6.251688 1.066550 9.621694 -4.851903 -5.890998 -2.666388 -3.151602 9.246251 -7.014818 -2.275539 8.669081 -8.630718 1.662941 -9.318653 6.218567 4.866579 5.868113 -7.750413 4.188629 -8.767252 -2.645596 7.906411 7.438928 1.977716 -5.315464 -8.860205 -7.819316 -2.226663 7.690410 8.831633 3.805168 -8.561279 -0.101817 3.426862 -3.413182 4.007184 -9.239526 3.435216 3.253436 -6.254344 -8.840323 1.922517 -4.885062 2.822618 2.603864 -8.666495 -2.310802 -1.528023 -6.416908 -8.122173 -0.295275 0.937496 9.784238 -2.856347 -7.084788 -5.531226 -1.716552 -4.904103 2.242111 -4.026143 -6.072470 -3.952721 -2.587421 3.825713 9.474140 3.999397 -2.167103 -9.765385 -2.565388 -8.913667 -6.019729 -1.405711 3.008849 -0.904791 -8.583093 -4.387287 0.428715 -0.893895 4.084690 4.011807 0.983932 -6.210585 -5.050697 0.768169 0.933068 -2.135485 5.236944 9.216516 2.960412 -2.520945 -4.809627 6.887942 3.526333 2.602952 0.713654 3.000474 -3.397652 8.546551 3.235088 4.036961 9.632884 7.215359 -7.368750 2.641733 -3.689432 -5.951843 8.254446 6.739283 3.154262 2.339136 0.751090 -5.861806 6.128551 5.700393 4.906363 -2.938381
-9.602829 -6.647875 6.223806 -1.795239 -7.880498 6.202741 3.413262 1.148695 -5.928540 -5.873084 -5.850831 0.673808 -7.326532 7.384257 -5.289231 -7.693648 4.599616 -2.657981 4.948085 -9.089816 1.390176 3.202531 7.649467 -5.455561 -4.458332 -1.599443 -1.317368 -8.329781 -5.899050 -6.411004 -1.268162 -2.334141 3.732302 5.009973 -5.808821 1.354664 -3.521519 7.604441 -7.496642 0.549940 -8.268643 -3.347473 -8.776252 -5.595175 -5.963216 -4.065483 -3.288823 8.636400 3.276536 -8.340738 9.546584 -5.333288 4.861793 7.196051 -0.788849 -9.596540 -4.403391 7.893783 -7.926321 -0.302441 -8.517221 0.805518 7.363417 5.215081 -4.184509 -8.445404 -3.430255 2.293972 9.159037 -0.926897 -7.156088 -9.109606 5.725630 -5.932340 -4.704780 9.762414 0.002177 2.006397 8.398813 -6.721287 3.665658 7.945398 -2.054574 -1.472549 5.141449 7.156577 -1.069088 -9.261942 5.050360 1.004591 0.435617 6.533139 -8.189891 -2.200966 1.748220 -2.374401 -0.646370 8.317965 9.919571 -1.487333 -2.608932 -7.236517 -0.596938 -6.883302 -3.168857 4.698282 -7.120888 6.833320 -3.295322 -8.722075 -9.887966 -9.629664 9.223323 -1.942540 -1.102212 4.364772 -4.785964 7.828699 5.102829 -9.735603 -1.166709 -4.461554 6.797536 0.643399 3.337480 -1.454244 8.268999 -7.308889 -3.136279 8.188569 1.203778 4.254790 -9.047948 -9.393160 7.371488 -2.216805 5.305122 -9.749400 -5.383485 -7.990200 -8.471475 -5.271451 -7.619864 -9.248152 2.786009 1.277924 5.116619 8.000045 -0.893377 0.219449 8.264442 7.939914 5.757895 5.061978 -1.416687 -0.904625 -6.392266 -3.147688 1.786486 0.471455 -4.959119 -7.009736 -5.273755 -4.007067 -6.402897 -7.902267 3.776129 8.902225 -7.651668 8.392644 -9.087975 -6.123143 -6.878807 -6.707839 -5.371295 5.907202 4.570084 9.745324 3.907247 -6.323292 -0.035227 2.171689 -8.383379 -4.277333 -2.766333 0.199934 4.818042 0.841401 7.052246 -3.395472 -8.687144 -7.906873 -0.405209 -3.960899 -1.913939 3.191895 -1.863166 -8.137811 2.094120 0.485167
3.716812 -7.823387 -5.739093 -5.078783 4.536251 0.585065 1.148695 0.868390 8.736052 3.190476 4.545097 -1.299175 -4.637835 6.161719 4.423493 2.595832 -3.638347 -0.758465 -6.562768 -6.586101 5.846063 -5.249911 -4.492973 -4.559146 0.789190 3.593088 8.632749 8.926024 5.455277 0.726869 -0.588809 5.710110 -6.266986 -6.226786 9.086137 -9.968681 -7.236057 8.369365 0.899709 -8.500005 1.559841 -4.555194 0.200820 6.922006 -8.393475 -5.375687 -0.482163 -2.031821 3.865848 2.955070 1.382078 -0.288089 7.705159 6.889105 5.152765 -1.505651 0.482192 3.785515 -2.579627 -4.062531 -5.487616 6.831563 -8.352421 -1.754602 -9.395222 -9.266284 -1.723283 -6.631279 9.103081 9.176426 -5.131284 0.662922 -5.378767 5.069536 -2.415072 -3.772242 9.693849 7.102766 4.195937 3.559697 0.057835 -4.421985 -6.728392 -2.237006 -7.532881 8.424373 6.257342 2.949312 2.209888 -6.322285 8.886781 6.722272 -9.490721 -9.465640 -5.032330 -8.885944 -8.731924 3.244387 -5.517223 -9.628842 2.420814 -0.648507 1.034080 7.042047 -5.578971 8.619008 -6.730195 -5.885121 5.721774 7.465742 7.674576 -4.220391 -6.956244 -9.053816 3.542603 -4.489124 9.370557 -0.200054 8.460188 1.580445 3.477661 7.346968 -1.697284 3.986939 7.881328 3.270386 5.100996 9.149405 -3.485227 9.583773 9.520562 8.935587 -1.064734 0.554643 5.977634 3.356295 -0.826349 9.247438 7.471174 -5.104575 6.713180 5.145750 0.675034 9.756936 6.091933 -5.782363 -4.732188 5.462490 4.017583 -6.272001 -2.957065 -2.504756 -8.925032 5.345652 -8.517817 8.956296 -1.383962 6.583179 8.105701 5.130811 6.166952 7.626263 4.066398 -4.897782 -1.819094 0.044031 8.458513 7.354557 -0.708530 5.929686 -7.750018 -3.995350 1.075436 2.925017 -4.238414 -2.832631 7.142654 1.029398 -7.370141 1.160237 4.757397 -0.327206 8.655481 5.832365 -4.981554 -9.862336 4.788661 3.634484 6.720843 2.894362 -1.234705 2.887794 0.520626 -7.168307 7.990012 8.701532 2.875724 6.448525 6.056089 -7.832806
3.482498 9.740615 -1.375135 -4.232002 -4.687457 4.716550 -5.928540 8.736052 -5.037173 3.250876 9.533979 9.720225 -7.076330 8.189459 5.552590 -2.057884 8.327123 0.341251 -8.423400 5.047966 -6.764387 0.341894 -2.064240 3.756239 3.173587 -4.074228 2.457771 -3.950689 -7.625703 -1.486140 -1.783495 4.752508 -3.180069 6.388349 8.206155 8.051019 0.321778 -1.172829 -3.575239 5.284606 -7.921953 -4.041260 5.004830 -4.998283 -5.851801 0.557420 2.943833 -7.524678 -9.101329 4.520432 7.523287 -5.865715 -5.137673 -4.540953 7.890524 8.035914 1.384820 0.348295 -5.914775 3.759116 8.862155 2.301731 -1.488376 -4.317913 -1.309920 -3.282221 -6.266894 9.011858 5.544950 0.157867 4.296464 7.622997 6.116607 -0.698706 -7.375287 -9.735195 9.858714 5.568546 -7.259873 -9.242614 0.088978 -9.736585 -5.108329 4.951305 -4.277538 -7.217805 2.987219 7.107282 3.130490 7.072445 0.866398 1.992645 -0.625824 9.378022 7.674732 8.064255 -3.904198 -8.592162 7.076113 -8.359248 1.565705 1.372577 9.263749 -2.317688 -9.326128 -8.111538 -2.052883 -9.467414 7.457008 0.687244 -8.710028 -2.454013 0.950659 -3.818358 -7.502708 6.673121 -1.036163 5.484511 3.780402 -7.905674 2.556956 -5.353199 4.086971 -8.068868 -5.975177 1.761703 9.995387 0.120625 3.169541 7.071500 1.761377 -5.264754 -1.555922 1.025125 2.417557 -0.882051 2.913587 -9.635326 -0.349465 0.370596 1.051919 0.940507 7.916582 -7.997422 7.122149 -9.586126 8.675698 -3.914014 5.898386 2.456101 -1.819688 -1.544658 7.102901 -7.732716 0.386474 -8.872276 4.028987 0.381861 1.248349 -2.801472 -2.546639 -6.990274 1.933773 5.897439 4.034851 -5.648669 -4.984612 -3.051562 -5.283995 4.665923 7.319034 5.767924 -4.393570 5.235616 7.770501 -7.271421 5.649491 6.446200 -1.185435 1.547877 -1.097699 6.994878 -9.996781 -3.994798 9.262161 0.389693 -2.867074 3.291148 -9.228446 8.381275 -9.510324 -1.775085 -8.608999 2.423449 -5.877646 5.425851 6.774780 -0.862257 -7.625710 -8.509215
4.627190 0.569127 8.435193 -6.872309 -1.937852 6.853254 -5.873084 3.190476 3.250876 -9.046759 -7.873692 -9.622289 7.948118 -7.870473 -3.617087 7.210279 2.519220 3.515839 0.501428 3.290774 1.897114 0.991104 -8.484311 3.288115 -6.585447 -4.361956 -1.286034 -9.810667 4.775786 1.088256 -8.319881 8.579452 0.781579 8.938828 -2.010452 -4.289480 3.968039 -9.871777 6.288950 -4.556551 -8.918536 8.415258 -4.178840 9.029582 -9.455215 2.204072 6.239862 3.064005 -4.280089 -3.258711 -3.645221 7.617025 7.732393 -2.129532 0.905140 -8.853054 3.508512 9.619106 -8.663721 -1.715702 0.707362 -6.983602 -3.136250 -8.511059 -8.044774 4.853298 -2.800539 5.923265 4.981522 -6.511589 -8.633287 6.062985 -8.096331 -2.812127 5.092568 -7.551545 9.391945 1.332429 5.512460 -4.888143 8.073718 -8.132761 -7.271118 5.806111 -0.262293 3.634022 6.953057 -6.753781 3.253127 8.289337 1.530516 -6.039511 -8.694265 8.394266 -4.550570 -6.739039 3.247565 2.648891 9.184225 -1.770914 6.137302 -9.449061 -5.707928 8.040971 -2.261188 9.384639 -9.510574 -2.869243 0.717068 6.001886 2.242614 -1.209213 7.869124 4.971495 -5.403102 -2.393169 -1.394483 -8.450045 0.853050 -8.141356 9.839292 -7.616434 -4.180866 -8.854973 -9.222167 1.268564 -5.594012 4.025397 -6.082545 -6.409787 -7.745517 -9.945243 -5.858848 -3.453445 8.095728 1.879964 -4.068806 8.585154 9.010721 6.648262 4.587040 1.253335 -4.560951 2.456164 -3.775170 0.035947 -9.937005 4.830347 1.585902 0.916045 6.688991 1.425194 3.299611 -7.491875 2.570221 4.077444 3.776689 6.976209 -1.897159 7.694144 -9.433578 0.357324 7.748900 -5.292426 6.903879 5.844628 6.587537 -7.164927 4.429783 5.598259 9.483335 -0.983177 -3.148407 -5.077617 -8.527013 3.076423 4.958330 -8.464018 -2.093229 -3.455768 2.452027 -5.404238 7.969427 -4.248362 -2.896113 0.539648 9.829082 -9.119424 -2.484144 -2.068077 8.574719 -1.917722 8.289247 6.323620 2.789852 5.193125 2.168248 -0.622611 8.028198 -3.401969
3.111300 8.802134 -5.887687 9.634276 6.319859 7.003367 -5.850831 4.545097 9.533979 -7.873692 -6.063521 1.075849 7.406197 -8.094095 6.827487 -5.489916 2.445553 6.656569 -4.609340 9.961409 -5.411508 -6.034621 -1.956313 -7.122261 -9.711001 -9.166461 8.070864 2.457246 0.210928 6.099062 9.055277 5.186576 3.610595 4.670130 -2.986184 6.044511 1.757970 1.917481 3.436757 0.381792 -5.272084 7.373236 -8.542358 -7.865888 9.279142 8.285129 -3.355804 1.724695 4.941698 2.034856 1.686104 9.530190 6.000235 9.729791 -7.592071 6.289233 -9.436670 -9.521207 -1.253520 0.774258 6.577855 -2.198243 -4.039167 0.188450 -7.528113 2.974650 -3.767039 4.229858 -5.107869 9.669718 -5.388350 -0.379954 7.042955 -3.930709 1.754159 6.322096 -5.645580 8.398355 -1.953209 9.296119 0.433211 9.732895 8.826309 -3.566554 9.462686 -8.765762 -7.277321 -9.973984 -8.286969 1.469159 0.800274 8.290887 9.270916 6.761107 -1.520663 -8.257196 -0.264243 4.712298 5.972661 4.627888 4.382017 -9.415689 -5.752066 1.424971 -3.346398 6.002092 -2.252932 1.008023 4.400447 5.793858 0.304142 -5.166342 5.526753 -0.869549 1.267104 4.989438 0.364689 3.989783 5.015454 2.077720 -4.541057 -4.184272 0.368607 -5.270141 -7.423165 8.847945 -3.527338 2.312592 3.560243 -7.554676 -3.059521 -2.057740 -6.970366 1.188413 9.367231 -0.316763 -2.809495 -2.885701 -9.308740 -8.409047 -7.091843 0.995401 -3.575389 8.434910 -9.874148 7.691715 3.424348 0.490541 1.681498 -1.560198 -7.431738 7.140441 4.255530 2.936869 -8.129700 6.832364 1.784814 -1.657038 -0.855044 -4.654943 0.788286 6.085435 3.287317 3.817920 -2.726152 2.654548 -6.498843 4.464353 9.768847 -5.807583 6.055306 -7.322996 5.187818 -7.520084 -8.888086 5.313671 -9.828369 4.536262 -4.195788 1.853130 -7.023936 -1.627527 -1.006429 7.231594 -8.690658 0.863870 4.063958 3.094156 9.206833 -6.791086 8.439213 -0.004882 9.294349 1.726529 -6.186961 -3.431803 -5.618923 -2.685804 -8.967450 -5.850076
-1.916036 3.293592 -7.197773 6.203423 2.126738 -2.107939 0.673808 -1.299175 9.720225 -9.622289 1.075849 -4.548831 6.184787 -9.413897 -7.317238 7.494129 1.449974 6.746721 0.588285 0.656806 9.955635 -0.972502 -9.348075 9.249984 -9.245972 -5.535037 -4.181820 -4.864895 1.779159 -3.149270 -0.714970 -6.714228 -6.061415 6.111958 -0.019797 -6.493643 -5.949199 1.988304 -6.754240 -3.474095 9.800618 4.838293 1.977074 5.985405 5.424396 4.659836 3.479534 -3.125630 1.406557 -5.932180 7.531176 1.362191 3.095318 8.183101 0.612175 3.849346 -7.351936 6.430355 8.984451 4.427223 -6.718915 -1.730520 7.712995 -2.780330 -5.618561 -2.306803 0.726028 -1.567761 9.681502 3.971788 4.958144 9.482119 -1.189919 -3.064782 5.467524 -5.765523 -8.404946 -1.052942 1.108847 3.001611 3.014878 -1.359977 -5.636197 -3.889805 -3.176876 4.975977 9.959541 -0.528812 1.406333 8.943992 -6.101588 4.687418 -2.786528 -8.388594 -8.092912 1.594911 -0.695397 2.633116 -9.972850 -1.013895 -3.395096 4.985295 -1.531776 5.414984 -8.079487 -6.064252 9.649462 -6.484433 2.882806 0.758309 6.517178 -4.102316 9.398332 -9.119019 2.007879 -3.778543 5.856958 1.967420 5.692645 -2.736709 0.911412 9.591057 -8.049291 8.124884 -8.797537 -6.142203 -0.280205 0.507066 6.490913 -0.253055 9.493171 -6.904184 -5.267761 -2.038604 8.510801 -3.347248 1.897144 8.160262 0.168319 -5.220050 -1.081429 -3.314503 0.677634 -1.683097 -2.433522 -7.314487 4.538360 -6.576564 4.652933 0.231005 0.686727 -4.435655 -0.177939 2.637436 -6.310771 1.024524 6.495233 3.409024 -8.468409 2.986145 -6.844031 -8.975238 6.081962 -2.111792 -1.013843 4.592762 4.540960 -9.116699 2.753024 -5.290720 -4.336749 -8.328405 1.394777 6.340884 -0.011502 8.961255 9.026397 -5.473142 -7.615309 3.679330 4.757863 3.071418 9.243675 -5.420076 -4.291146 -7.067096 5.604448 -7.795913 6.341928 7.136039 5.190232 9.497896 8.160800 1.272193 -2.613895 -2.853042 -4.135044 -8.072935 -1.969741 8.617980
-5.153608 6.228139 -9.073126 -6.048532 1.965253 -1.722680 -7.326532 -4.637835 -7.076330 7.948118 7.406197 6.184787 2.448487 -8.016203 4.142718 8.157341 -5.083299 -0.252834 -9.638573 -8.741371 -3.116796 5.551659 -9.243475 -4.955995 -3.176147 -1.857370 2.190963 2.688808 0.069695 -9.778779 1.306788 6.706040 3.914731 1.596363 4.737161 -6.050875 -8.125563 1.729538 3.009917 6.679368 1.106606 5.750039 -3.757839 -6.444907 7.733836 -9.615121 -8.287567 -7.349464 0.132044 -7.926139 -6.090835 7.015249 7.625520 -5.334310 -7.940747 -5.550627 2.808320 4.250216 7.138181 -7.121985 4.471437 -1.555031 9.584055 -1.613832 -9.958667 4.321216 2.335294 -8.084231 -3.949246 -4.654789 8.595137 7.157360 -8.904751 -5.162702 -9.287547 8.829085 -4.777823 -7.575114 -8.520379 5.354221 -5.501253 -4.611214 2.369470 -7.875733 0.054477 4.428723 -3.426361 -7.137203 -1.321061 -6.288180 -4.259188 -6.849624 2.156789 -4.675134 1.536544 2.198122 9.646082 -6.128162 4.113891 -4.303164 -0.782952 2.709028 -7.145804 0.312298 7.546326 -6.433351 -0.858618 -7.231498 -4.008465 0.621004 8.122724 0.490282 6.009790 0.492193 2.614549 -3.935733 -5.079084 9.188188 -1.072937 3.599854 -7.099992 4.667875 6.750230 5.056798 9.992741 -1.713226 -2.745080 9.638823 2.158612 -8.631189 -4.664341 -8.624340 4.077838 -1.810145 1.687957 1.624164 1.756504 -9.170660 4.392667 7.748039 1.450344 2.515390 -1.761680 -2.539867 -6.992417 -9.147131 3.524400 -2.071501 -9.958943 -7.548537 -8.471646 -7.058935 7.119338 8.278584 7.997863 7.112079 -3.434642 -4.747218 6.750902 8.723970 -3.378407 -7.913439 -9.900371 -9.300569 0.276416 1.787587 2.323596 -7.967081 2.616927 -3.283738 9.780958 -5.932730 9.231653 -1.980722 1.527404 -7.760764 -1.127852 -4.948196 0.167736 -1.086795 -2.496733 1.696089 1.854270 -5.377395 -0.025327 -0.147868 -8.265315 6.540032 5.104915 8.485587 5.264001 -8.273492 -9.427852 5.363631 -7.574061 0.848564 -2.848782 4.749535 2.881483 9.768144
-4.902023 7.825624 -6.527186 -8.397151 3.429034 -9.336321 7.384257 6.161719 8.189459 -7.870473 -8.094095 -9.413897 -8.016203 0.321341 2.540495 4.775185 -9.826526 4.275180 1.315216 5.278388 2.760767 -3.420783 7.004896 3.332915 -8.057152 9.430836 -5.818521 -0.905935 4.180370 7.062962 -1.137790 5.646168 -0.274596 2.697625 6.343618 0.407123 -1.939557 9.280304 9.960990 -1.524935 2.384726 8.428062 6.392955 7.185237 -1.250596 -1.066550 1.960422 -1.077123 -6.791370 -6.724362 -5.798734 5.969397 -0.145145 -8.793838 -0.697688 1.797703 -9.363002 3.483791 -9.108231 4.817368 0.546753 -0.246021 0.463536 -9.727844 -7.548397 -3.192846 0.679280 0.512046 -3.912542 0.640270 8.987111 8.472184 -0.931668 5.380066 5.657421 7.817736 -5.686483 -2.382158 -3.259387 -2.477854 0.893480 0.941879 -6.508457 -9.251664 2.148041 2.793855 2.546039 2.785039 -3.722355 3.437807 -2.397593 6.824398 -6.808214 8.065942 7.096555 -4.356611 -5.126904 -2.224166 6.155435 0.960554 8.416105 5.142547 -0.567263 -2.515563 0.522613 -4.909842 -4.697827 4.836130 2.708000 2.042786 -7.641724 -6.398519 -7.015335 -4.150181 -5.650184 5.132706 8.643674 6.895855 -2.082256 -5.078681 0.333663 5.520151 -8.254282 3.525449 3.586093 8.842272 9.168838 8.459190 -3.381893 5.324273 -0.580257 -4.965789 0.466819 8.852481 2.518648 -9.010568 -6.057361 7.820821 5.825562 6.650639 -0.136393 8.183838 -9.747880 2.848272 -5.966343 -5.398064 -2.019022 -7.322669 -8.502209 5.898722 -2.401350 1.831454 1.418873 -0.655632 -4.643098 -4.995033 -1.813360 -5.474260 -6.535844 4.804747 9.850013 2.883900 9.838958 0.316832 1.736380 2.357607 1.306264 5.679019 0.178428 -2.868174 2.329658 -9.957965 -4.684337 2.581778 2.890306 -0.650680 7.183714 -9.128716 2.026651 8.681506 6.770006 9.625301 0.512959 -1.811121 -1.030332 5.869862 3.193846 7.156308 -9.604399 6.658002 1.961055 -9.754386 -0.458098 1.800014 0.562446 -8.721718 -5.842380 -8.131290 6.957301 4.336048
7.690563 -9.668927 0.758360 -7.489815 8.491474 -9.555301 -5.289231 4.423493 5.552590 -3.617087 6.827487 -7.317238 4.142718 2.540495 3.098558 -5.712862 -5.883222 -3.707596 -8.556553 -5.487620 -7.049594 3.404502 -5.242006 2.492308 -4.795485 5.320439 3.770590 -0.637864 7.189149 0.727891 -6.301817 -3.810316 -9.985150 8.076266 -9.494117 -8.116413 -4.655346 -5.828598 -9.063961 3.484327 9.863572 8.669997 8.394006 5.181042 -3.083087 1.492564 9.468180 1.033691 7.784968 -9.088373 5.546071 -9.264626 4.316129 -9.695936 3.227682 9.520644 5.624504 -3.001729 -1.117220 2.813653 7.726162 2.580963 9.003337 7.741012 0.657229 9.509220 9.624599 6.001883 -6.319377 -9.439361 -0.513790 -6.455805 9.230635 -2.119784 8.725237 -3.852452 9.372780 8.193417 7.181239 7.157747 9.105044 2.727310 7.893121 3.421173 3.031374 1.120803 2.941817 -1.344122 8.119074 -8.175403 -8.530469 5.845236 4.405560 -9.527132 3.586248 -4.937211 9.982088 3.210847 -8.935327 -6.337289 3.771486 0.550883 -2.793095 3.002121 8.431099 -4.067858 9.149670 7.803878 -5.874441 6.330909 4.961626 -6.769397 -0.941781 2.854747 6.651777 -7.910406 -6.024451 -0.406406 0.745472 -7.905377 1.418191 2.215002 7.939859 -4.176248 2.687870 1.526107 0.886541 2.669958 -5.263045 1.951214 6.332669 8.508441 -7.497903 -6.460426 1.510562 -9.066804 -0.528284 0.660232 8.737074 3.597275 -3.008859 3.698700 6.827879 6.049360 -3.446553 3.479656 8.138954 0.528996 -6.926750 -1.115574 2.623619 4.491441 -8.900572 0.563479 -9.684807 3.787298 -7.910414 1.201734 -3.542743 -3.173460 -6.847052 -7.210075 -4.665019 -4.344955 -3.670500 6.845543 -3.411760 5.801216 -2.494225 -4.674685 -0.601509 4.496916 9.024014 -3.773630 0.546276 -4.422539 9.706026 -1.314770 6.106457 -7.220724 7.569656 -1.269924 7.270717 8.669084 9.293555 7.585910 2.456382 -8.616860 -1.212356 8.913639 -1.790319 1.940592 -8.296436 3.544662 7.595637 -1.966936 0.390205 -5.816123 -6.165720 7.895980
-1.023948 -4.253706 3.730375 -0.833344 -9.752964 8.664612 -7.693648 2.595832 -2.057884 7.210279 -5.489916 7.494129 8.157341 4.775185 -5.712862 8.240754 6.801071 -9.680476 9.623895 -4.411286 9.233163 -2.166424 7.529306 -9.063273 -8.621762 5.124943 -1.030209 1.768443 9.308820 2.804072 -0.335577 -1.181988 -3.963157 -7.942681 7.351218 -4.504015 -5.003509 1.461885 -5.338847 6.620892 -8.320991 -3.394403 -4.185050 -9.373792 -4.179242 3.678091 8.866963 -7.378172 3.997615 8.490857 -1.789457 3.230778 -3.675567 -4.260151 4.167505 -2.297329 -9.135208 -6.862704 9.471113 -9.826387 5.941368 -0.864464 -1.008375 -8.021789 1.192855 -3.657157 -2.525804 6.189346 7.804728 2.135349 2.810238 9.483737 8.740946 8.625188 -9.890054 -5.438296 2.303279 8.976909 -2.816468 -3.699105 7.467766 5.394075 9.531672 -6.207801 -8.866076 3.699177 1.494870 -8.001284 6.836474 0.965983 -7.827671 2.777842 -9.898481 1.163954 4.756053 1.294374 7.506797 -7.769751 -2.516280 5.311525 4.365598 -9.706042 4.795263 3.106544 8.919146 4.905208 7.668248 1.222426 3.882117 -5.148220 7.523320 1.349883 -9.754145 7.054992 5.142082 -8.620221 0.754170 -3.363049 -6.621505 -2.409356 7.602934 -4.449177 -9.631515 7.704453 6.714777 5.124538 -1.001173 4.221574 7.354787 6.482547 -0.466901 1.720385 6.776505 -5.671638 -5.173071 5.695651 9.233570 -7.504823 -3.081923 3.115687 -2.653043 -5.558603 -5.534430 -2.407188 -8.503611 9.607652 -1.027409 2.250559 -3.755397 2.351085 9.841203 -6.152463 7.901909 -9.790312 -8.448010 4.616685 5.334226 0.550818 -1.161741 2.689012 -2.966635 8.371358 -5.590603 -6.190131 -7.300280 -0.763674 9.505521 -8.066710 1.731503 -3.576403 5.048977 9.078460 0.864994 9.514547 -3.328728 2.361383 9.122198 5.643863 -5.388057 -4.633199 -2.005052 -5.546855 -0.785661 -4.103144 -5.337167 0.766329 -9.486458 9.997059 -8.682854 -0.648199 2.686071 -1.649489 -2.276841 7.095468 2.160380 0.422880 -3.668206 1.665901 2.356170 8.063297
-7.582566 -4.734203 9.021201 -3.476627 -2.670586 6.653139 4.599616 -3.638347 8.327123 2.519220 2.445553 1.449974 -5.083299 -9.826526 -5.883222 6.801071 1.389361 3.862237 5.040856 2.706507 -6.785962 -2.273073 -8.942982 0.937198 -5.177605 3.217398 -8.639923 1.154189 -5.116701 3.716247 -0.782515 -7.027202 -8.878606 -3.640758 1.927290 -1.958913 0.172270 3.243166 4.082979 -0.370838 9.170985 -4.508328 7.081001 -0.448051 -3.885296 0.429696 -5.404254 7.504064 -5.708067 9.636602 0.210571 -2.494028 -2.636471 1.267589 8.443170 2.185924 -5.515012 9.803247 -6.659887 -0.631713 3.519495 2.557598 2.341085 4.640888 8.916840 -5.731625 -7.318025 -0.910889 7.511541 6.764954 8.718272 6.682525 -7.743373 5.799273 -3.765526 -1.628670 -3.771031 0.830220 -4.124605 0.520903 0.466822 6.085966 8.026875 7.830351 -2.646444 6.470045 0.016275 1.838543 6.273292 3.356388 -8.793170 -0.207213 -4.086014 3.547915 -5.566325 -5.169174 7.816290 -2.884350 3.919937 5.327830 -6.119395 2.638209 2.010356 -3.862769 -1.562518 8.244830 4.508562 4.666452 -0.924950 -9.616043 -4.812646 9.541871 6.469923 -6.785771 7.372222 -6.176521 9.684274 -2.611503 5.662022 5.957566 -9.255116 6.868853 -4.249648 -3.341130 0.416768 0.184027 1.489696 -1.766943 7.299678 -4.590367 -6.439113 -8.819718 8.047842 5.571243 -2.682486 -3.514675 3.816073 -8.173924 -8.848224 -7.108877 -7.789967 -3.660870 -7.567006 8.679956 -0.446640 9.805216 -7.496565 -0.762367 -2.806287 8.165457 -4.804801 -2.061403 5.034310 0.945551 4.597467 -4.548922 -8.870421 -3.912837 3.684135 8.429256 1.496796 7.245022 9.609539 -0.455361 2.816265 -3.072947 6.029963 -3.367662 -1.246872 7.181739 -0.476539 0.963161 -6.479130 1.956455 -0.356883 3.074229 1.761671 2.146552 -7.688137 8.955384 0.312009 -2.492938 -3.106019 -4.653681 8.452613 -8.508552 0.797396 9.582192 -2.421389 -5.518469 8.011448 9.075408 -8.273447 7.620986 -1.379954 4.542818 -5.451961 -5.349991 -8.824843 3.301167
3.397802 -8.385192 -2.583649 7.064267 -6.300001 -3.938840 -2.657981 -0.758465 0.341251 3.515839 6.656569 6.746721 -0.252834 4.275180 -3.707596 -9.680476 3.862237 2.509720 -3.719424 -0.663834 6.991251 -5.707976 -1.588426 8.717805 -8.086989 7.031620 3.260623 -3.538950 -8.318370 4.435780 9.762217 -6.486622 -4.865603 -5.973454 -1.134003 -2.210531 7.933991 -2.707155 -7.793788 -6.012012 -1.968445 5.578339 -9.646007 6.277327 5.844446 -7.933682 -7.024288 7.602002 4.576038 -0.743711 -3.061832 1.567289 3.548313 5.349742 0.285094 5.461323 2.381363 -6.454283 -8.077627 4.062992 7.981497 -8.315410 7.576371 -6.884106 -4.288864 -3.557633 0.905363 -6.354873 3.735212 3.111576 -2.366886 -8.233233 -1.310085 -2.012892 8.044095 -5.465639 0.053425 -8.980193 -7.863637 -5.370537 0.276095 -0.925469 6.196753 -6.175592 -5.575727 -3.518153 9.285731 6.805636 0.027564 -8.791896 0.868628 -1.990939 -7.107305 -1.555001 1.124955 -1.396170 4.887366 -7.969681 2.248957 -1.377422 5.141894 9.882071 0.389346 -6.168191 -2.130821 -1.566560 -1.633829 7.922604 -0.546753 0.502534 -7.447933 9.729342 9.577065 8.748820 -6.446250 -5.998662 -4.769333 -7.160519 -9.193026 5.258231 -5.952415 1.675602 -6.732708 -3.059720 -9.879399 4.392247 5.544110 5.007967 6.422565 -2.206933 -6.369455 1.564460 -2.324861 4.019891 5.396269 5.544318 -7.546669 -6.237560 3.466922 1.906578 4.264973 6.018990 1.635920 3.842038 4.767810 5.189670 7.843376 9.998477 8.029151 8.650350 5.256707 -7.923264 0.325952 8.523999 -0.982984 0.446553 2.916246 -5.438874 -4.545480 -0.661189 2.354194 -0.914935 -9.096729 -9.970667 -6.895045 6.299540 5.573651 -4.441714 -9.938021 -0.959427 7.464864 4.326953 -4.940437 -0.899217 -1.831009 9.827372 -5.709547 -3.987633 9.825849 -7.680397 -5.337282 5.082556 -5.603661 4.988670 3.606555 3.413356 -4.564777 -3.477199 7.974482 0.889743 5.861612 0.328676 9.974808 6.764883 0.358008 -6.920237 3.064422 -4.068341 -1.361951 3.126401
0.487526 6.655381 4.348106 0.017764 -2.743378 3.250331 4.948085 -6.562768 -8.423400 0.501428 -4.609340 0.588285 -9.638573 1.315216 -8.556553 9.623895 5.040856 -3.719424 4.896928 7.597929 7.611067 0.758540 -2.073395 7.585874 -2.476577 8.284613 -9.334363 -9.412155 -5.783728 -0.696314 3.714246 9.188505 5.406599 -8.832400 9.220299 0.610295 6.789945 9.079467 0.104443 8.424657 8.764482 1.918195 -5.277913 3.532054 8.128287 -3.991812 -8.093818 7.751734 2.729511 6.803110 5.349663 0.340578 -2.438350 -6.723733 -2.073548 5.085073 -8.439119 -1.407911 5.672917 -4.222847 7.895776 -0.612837 -5.034342 3.302375 0.554763 -5.814043 -6.087331 -2.655291 -6.734577 4.017112 -4.230634 -7.970094 -4.064692 0.491453 5.561960 -5.936405 6.499641 7.468142 -8.184672 -0.770848 4.271252 7.164991 9.569730 -8.167098 -9.558741 -2.503818 6.917974 -7.997861 6.088271 2.590892 -2.220708 3.984047 -8.021945 2.744950 -2.713578 2.532818 6.930907 1.199091 9.877527 -9.803670 -4.783797 -4.353107 -7.773764 1.151511 6.138346 7.788197 5.215106 2.637987 5.256339 7.030434 -8.132861 -0.472410 4.195425 -8.563131 1.360492 4.636684 -1.066950 -1.721534 6.638823 -4.978678 -9.130642 -5.581884 9.005369 -7.152587 7.163066 -3.708210 5.380231 4.093972 7.490881 5.257758 4.290303 -7.292916 -9.095350 6.516539 3.858595 7.042996 4.304735 -0.926299 -0.319017 -0.438926 -3.895865 1.548122 9.088664 -9.700440 2.984991 0.449156 4.936244 -8.081959 8.727623 1.575067 -3.060637 9.596981 5.993183 -4.055269 -7.555607 3.156249 2.236521 7.824624 -2.749779 -0.272598 3.082382 -8.459477 2.434486 3.987033 8.057062 -3.706919 1.030029 2.361797 5.366782 -9.288988 -8.077129 -8.529084 2.259135 -8.988465 -8.229524 -4.755875 1.460691 6.706720 -2.837834 0.188314 -1.718213 4.101529 -0.214705 -5.725029 -9.953740 2.229688 7.431219 2.282781 0.054313 -5.318560 -7.989817 -6.863305 -3.778036 4.444669 7.123727 -5.720974 -9.262249 -1.846243 6.640823 6.104532
4.201959 -0.939320 -1.819520 6.124534 7.245637 -4.644937 -9.089816 -6.586101 5.047966 3.290774 9.961409 0.656806 -8.741371 5.278388 -5.487620 -4.411286 2.706507 -0.663834 7.597929 3.293530 0.722062 -8.029052 6.430225 6.944026 6.415618 3.553952 -8.776948 7.153368 -8.292291 7.863875 3.257901 0.572478 6.427569 0.833349 1.696382 6.002798 0.179274 8.064410 -2.961281 -3.768081 1.594605 -1.737046 0.566351 9.226329 9.272484 9.175754 -3.095687 -7.488298 -4.783624 -3.134922 5.805232 5.938439 -1.163974 2.235457 2.882464 -4.748356 -4.210590 4.105516 -7.594988 -2.502881 1.969391 5.662913 8.069597 -1.603041 -3.503738 -0.234022 -5.600242 6.675536 -2.169611 1.438477 -7.092545 9.424994 9.701431 3.473806 8.651323 8.973914 2.649561 -4.444364 -8.514384 7.865937 2.420715 7.290848 3.804375 -8.743259 -0.473695 -3.313160 -3.491615 5.315715 -9.207644 -1.086603 -7.187166 2.761746 -5.423690 -9.117570 -8.841295 1.072573 0.648409 -4.441537 -2.251891 8.478797 6.996940 0.655564 7.903791 6.698370 -5.870629 6.555115 5.672285 6.778931 -7.889249 7.157901 4.644868 4.531466 4.448749 -1.550756 5.788207 -6.024946 5.136083 -7.703408 9.290769 5.928439 1.209989 -7.896397 -1.309815 5.786300 -7.013967 -0.151110 -3.141128 3.634442 5.407353 4.606982 2.113239 2.404293 -4.737454 0.017030 -0.897337 -0.608083 -3.427855 -5.225052 -3.829152 -1.317104 -8.067152 -9.184283 -6.785638 6.381597 -0.735040 9.002569 -9.643349 -5.598957 -8.700839 9.647420 -9.670518 2.509150 -8.248977 -0.980333 -1.704551 -5.262944 8.868557 5.154322 8.371497 4.275911 -0.238697 0.484736 -3.319797 5.023849 -9.498234 5.782866 -5.584234 -2.926088 -9.442186 0.586615 5.756808 -7.509338 1.402331 8.971170 8.872259 -9.332709 7.973739 9.228911 -4.931666 9.272900 8.876331 -4.602184 1.782050 -9.372646 4.417483 -9.922501 -4.635591 3.286041 5.231821 -6.264094 -2.438049 -5.006876 4.220643 4.242155 -9.983027 4.722409 0.025021 -5.567260 -8.203680 0.582835
2.537349 3.381665 -8.543489 -2.422795 -3.400358 -9.131675 1.390176 5.846063 -6.764387 1.897114 -5.411508 9.955635 -3.116796 2.760767 -7.049594 9.233163 -6.785962 6.991251 7.611067 0.722062 9.778668 2.820602 -4.144568 3.999310 -2.937244 -4.127595 -1.278281 7.087777 0.305145 0.518040 -2.329388 -4.675501 -1.928832 -9.255890 1.746184 -5.404533 2.689867 8.835160 9.093505 -6.135466 0.992471 2.864443 3.915532 -1.452402 8.417431 -5.406116 -9.479792 -5.952083 -9.363355 -4.221142 -5.089775 -9.584687 8.599460 0.765657 4.414623 -4.337784 6.638062 -6.863658 -7.250007 -3.056793 3.654382 0.420606 2.267705 -8.274450 1.164715 -5.986111 -3.678984 -6.145418 -7.150950 -4.585479 -2.280884 3.841520 8.278964 -8.365351 -7.610882 6.696394 -3.771467 -7.090674 -9.255688 -3.134822 -1.311816 -4.345463 -2.719509 -2.712356 6.420194 -8.304886 2.949861 3.058256 -5.168544 5.699854 -9.998537 8.485838 -3.879540 2.269168 -9.788612 7.285175 6.283058 -3.467596 -8.860243 9.132107 1.946925 -1.141127 2.973628 0.225889 0.493522 5.362746 -3.077716 6.722055 8.272072 -2.333404 -6.412767 -3.039744 3.321133 0.867725 4.247900 -0.258673 2.562839 -2.802239 -7.200417 7.394295 -7.102385 -7.198955 5.880133 -0.981925 5.070213 6.091521 -3.696750 1.353271 -7.376075 -2.556993 0.485378 4.570850 6.301881 -6.540994 -5.203261 -3.204597 8.821752 1.719023 -6.482543 7.093823 9.385618 -2.895309 -5.945921 2.706751 7.972415 8.301980 -7.551922 0.535254 -4.500259 -4.752340 -2.070451 -1.602644 -1.951295 -6.190317 7.415431 -6.881081 9.901204 -6.281319 4.472190 -7.474871 1.161688 -5.042432 7.095979 -2.536431 -1.583427 -8.107282 4.258971 -2.761675 3.611741 7.776429 -5.667852 2.997360 -5.118881 -1.613772 -4.295889 -7.146465 -3.311792 -1.847812 3.388789 2.187949 3.399849 -8.681662 -9.414695 -8.551446 -4.871979 8.000736 -5.432527 -4.970776 -8.280584 9.039662 -2.445647 2.881104 -6.002770 -5.349668 -9.655327 2.413803 -3.456950 4.603644 9.652128 -9.845209
