-7.246180 -6.541130 3.224004 5.832897 -6.503190 0.885735 6.551917 -1.935708 6.553338 1.953345 9.867111 -3.473293 4.356791 4.586839 -9.002045 2.632479 4.082430 -6.604273 1.984142 7.467016
-6.541130 9.470182 5.348646 -5.304241 -8.375221 -2.347271 9.414406 7.916780 -2.676637 -6.244504 8.615118 -5.719381 -5.637105 -2.826130 1.225023 8.967120 -9.612835 -2.916015 -9.466164 2.180555
3.224004 5.348646 8.318562 -9.927774 3.905717 3.384075 -3.855175 6.078931 8.596575 2.632560 5.439209 -3.213320 -6.277203 -0.946114 -1.341808 8.234724 1.003313 2.683075 -5.550306 -3.986831
5.832897 -5.304241 -9.927774 7.176577 -3.275831 3.106136 4.820118 -8.268569 -9.837762 -3.262584 5.755697 -3.998600 -4.475358 2.651281 0.078350 -3.177762 -8.647976 -6.536470 1.554221 1.785528
-6.503190 -8.375221 3.905717 -3.275831 -7.405279 -0.527879 7.944926 -9.624270 4.899348 3.346681 7.664521 -2.399306 -5.143227 -2.219278 0.594679 -5.236290 -6.329505 0.004387 -6.275993 -0.612581
0.885735 -2.347271 3.384075 3.106136 -0.527879 1.689664 -1.821839 0.345118 0.394851 -3.745938 2.012111 -2.447437 5.929038 9.336208 -6.359462 -3.470800 6.259329 0.535313 -2.994906 4.611800
6.551917 9.414406 -3.855175 4.820118 7.944926 -1.821839 3.141568 0.340138 -3.292829 -2.576065 4.077667 -6.654100 4.548700 9.998434 3.677572 8.957138 2.619861 -7.988698 -6.049588 4.568623
-1.935708 7.916780 6.078931 -8.268569 -9.624270 0.345118 0.340138 -6.379337 2.482855 9.339756 -6.723467 -1.309684 8.141816 -0.497446 -0.577894 7.336518 4.857080 -7.062718 -3.102847 -9.557656
6.553338 -2.676637 8.596575 -9.837762 4.899348 0.394851 -3.292829 2.482855 5.797574 -0.172743 -3.295376 -5.387400 -6.038767 6.448749 4.116060 -1.377624 6.274072 8.320199 -2.422469 5.569879
1.953345 -6.244504 2.632560 -3.262584 3.346681 -3.745938 -2.576065 9.339756 -0.172743 -3.667157 6.085715 2.611435 -9.608259 -6.002841 -9.745454 8.148107 5.238681 6.508989 -3.415350 -1.784603
9.867111 8.615118 5.439209 5.755697 7.664521 2.012111 4.077667 -6.723467 -3.295376 6.085715 -7.878709 2.537579 9.081992 1.047901 -7.925946 8.632246 2.160307 8.285501 -5.578234 6.622603
-3.473293 -5.719381 -3.213320 -3.998600 -2.399306 -2.447437 -6.654100 -1.309684 -5.387400 2.611435 2.537579 -2.733669 -4.781740 -6.710565 -4.461027 3.514526 8.630953 0.433367 3.601081 3.374714
4.356791 -5.637105 -6.277203 -4.475358 -5.143227 5.929038 4.548700 8.141816 -6.038767 -9.608259 9.081992 -4.781740 5.965609 3.990135 2.200731 7.682599 1.442106 -2.532458 -3.028871 -6.236686
4.586839 -2.826130 -0.946114 2.651281 -2.219278 9.336208 9.998434 -0.497446 6.448749 -6.002841 1.047901 -6.710565 3.990135 5.384525 -2.288124 3.494002 3.692024 -8.148988 -0.033023 4.979328
-9.002045 1.225023 -1.341808 0.078350 0.594679 -6.359462 3.677572 -0.577894 4.116060 -9.745454 -7.925946 -4.461027 2.200731 -2.288124 3.814299 6.916740 9.653011 -1.850672 -4.247544 -8.479131
2.632479 8.967120 8.234724 -3.177762 -5.236290 -3.470800 8.957138 7.336518 -1.377624 8.148107 8.632246 3.514526 7.682599 3.494002 6.916740 8.840761 6.670405 9.489428 8.822818 5.109597
4.082430 -9.612835 1.003313 -8.647976 -6.329505 6.259329 2.619861 4.857080 6.274072 5.238681 2.160307 8.630953 1.442106 3.692024 9.653011 6.670405 3.540570 6.357751 -5.275611 -7.185934
-6.604273 -2.916015 2.683075 -6.536470 0.004387 0.535313 -7.988698 -7.062718 8.320199 6.508989 8.285501 0.433367 -2.532458 -8.148988 -1.850672 9.489428 6.357751 3.447177 -3.291041 7.472184
1.984142 -9.466164 -5.550306 1.554221 -6.275993 -2.994906 -6.049588 -3.102847 -2.422469 -3.415350 -5.578234 3.601081 -3.028871 -0.033023 -4.247544 8.822818 -5.275611 -3.291041 -6.104106 8.290650
7.467016 2.180555 -3.986831 1.785528 -0.612581 4.611800 4.568623 -9.557656 5.569879 -1.784603 6.622603 3.374714 -6.236686 4.979328 -8.479131 5.109597 -7.185934 7.472184 8.290650 -8.956924
