9.417641 9.501887 -6.938213 9.815405 9.567247 2.958624 -8.493002 -3.106925 6.308985 -5.953493 8.246845 0.250221 2.339007 -3.819510 4.544778 0.372405 -6.523986 -4.846356 -9.737481 6.466156
9.501887 -9.205593 -2.621546 5.767999 -7.329486 7.782503 -6.931695 7.290521 -7.166323 -9.091986 4.384521 -7.748682 -9.590099 7.446308 -7.933277 9.977148 0.404932 -6.426279 -3.129777 -3.286083
-6.938213 -2.621546 6.964138 9.959235 1.297558 1.508916 0.331640 4.773571 6.662559 0.594159 1.239728 4.745437 1.388566 8.618182 0.513436 4.059080 6.400685 3.581741 1.349601 9.234362
9.815405 5.767999 9.959235 4.899657 -6.819571 -6.447598 4.876805 3.585361 -2.873877 -8.252972 -9.700722 4.746351 -3.135904 7.263416 4.705586 8.161654 -1.227669 -4.962775 2.935225 -4.565110
9.567247 -7.329486 1.297558 -6.819571 -7.206865 0.693763 -8.920969 9.193820 -5.724496 2.428632 8.428182 8.765260 8.162754 9.913861 3.664917 -8.656817 -6.533736 -1.458278 4.928545 0.592387
2.958624 7.782503 1.508916 -6.447598 0.693763 -9.955677 5.314500 -8.736430 -4.918451 -1.750274 -3.301540 -9.287067 2.424679 -3.121213 -2.267116 5.217814 7.572550 -1.188085 4.411634 -8.151945
-8.493002 -6.931695 0.331640 4.876805 -8.920969 5.314500 -9.253516 6.219940 -7.180047 5.675029 -3.187673 3.108703 0.902852 2.151065 0.261550 -6.605910 2.195388 -4.423950 -5.342341 7.276937
-3.106925 7.290521 4.773571 3.585361 9.193820 -8.736430 6.219940 5.807457 4.534668 5.879902 7.655512 5.775215 -1.280283 8.268826 5.178516 -8.526606 2.547057 5.925000 7.693334 5.367011
6.308985 -7.166323 6.662559 -2.873877 -5.724496 -4.918451 -7.180047 4.534668 -5.686686 0.554630 -3.870949 8.139089 -8.089251 -5.881080 -5.610456 -9.854345 -0.158326 -4.142188 5.953112 -5.623658
-5.953493 -9.091986 0.594159 -8.252972 2.428632 -1.750274 5.675029 5.879902 0.554630 -0.375841 9.791518 -7.144897 4.129821 -1.732768 -4.642016 0.786547 -2.995504 1.254954 9.638661 1.317810
8.246845 4.384521 1.239728 -9.700722 8.428182 -3.301540 -3.187673 7.655512 -3.870949 9.791518 -5.895352 -8.558032 3.427725 -5.743795 1.899399 -4.694825 9.586278 -6.169776 -0.270318 0.841352
0.250221 -7.748682 4.745437 4.746351 8.765260 -9.287067 3.108703 5.775215 8.139089 -7.144897 -8.558032 2.118977 -6.222876 -4.432362 5.839310 3.663756 9.414081 9.705299 3.392062 9.118336
2.339007 -9.590099 1.388566 -3.135904 8.162754 2.424679 0.902852 -1.280283 -8.089251 4.129821 3.427725 -6.222876 7.508181 -4.123000 7.328517 5.296614 -5.068562 5.699268 -9.910458 5.240831
-3.819510 7.446308 8.618182 7.263416 9.913861 -3.121213 2.151065 8.268826 -5.881080 -1.732768 -5.743795 -4.432362 -4.123000 -9.139359 5.380941 -6.208752 3.320345 3.638240 -4.869560 -0.389727
4.544778 -7.933277 0.513436 4.705586 3.664917 -2.267116 0.261550 5.178516 -5.610456 -4.642016 1.899399 5.839310 7.328517 5.380941 -6.423145 2.487759 3.919179 4.726417 3.669759 6.823596
0.372405 9.977148 4.059080 8.161654 -8.656817 5.217814 -6.605910 -8.526606 -9.854345 0.786547 -4.694825 3.663756 5.296614 -6.208752 2.487759 0.727031 3.799041 -6.539766 8.846454 -3.818589
-6.523986 0.404932 6.400685 -1.227669 -6.533736 7.572550 2.195388 2.547057 -0.158326 -2.995504 9.586278 9.414081 -5.068562 3.320345 3.919179 3.799041 7.555309 6.247767 1.809064 -4.173097
-4.846356 -6.426279 3.581741 -4.962775 -1.458278 -1.188085 -4.423950 5.925000 -4.142188 1.254954 -6.169776 9.705299 5.699268 3.638240 4.726417 -6.539766 6.247767 6.080984 -4.432218 -4.635679
-9.737481 -3.129777 1.349601 2.935225 4.928545 4.411634 -5.342341 7.693334 5.953112 9.638661 -0.270318 3.392062 -9.910458 -4.869560 3.669759 8.846454 1.809064 -4.432218 1.974602 -5.766686
6.466156 -3.286083 9.234362 -4.565110 0.592387 -8.151945 7.276937 5.367011 -5.623658 1.317810 0.841352 9.118336 5.240831 -0.389727 6.823596 -3.818589 -4.173097 -4.635679 -5.766686 -8.094066
