-7.246180 -6.541130 3.224004 5.832897 -6.503190 0.885735 6.551917 -1.935708 6.553338 1.953345 9.867111 -3.473293 4.356791 4.586839 -9.002045 2.632479 4.082430 -6.604273 1.984142 7.467016 -1.870086 9.470182 5.348646 -5.304241 -8.375221 -2.347271 9.414406 7.916780 -2.676637 -6.244504 8.615118 -5.719381 -5.637105 -2.826130 1.225023 8.967120 -9.612835 -2.916015 -9.466164 2.180555 8.586211 8.449356 8.318562 -9.927774 3.905717 3.384075 -3.855175 6.078931 8.596575 2.632560
-6.541130 -3.213320 -6.277203 -0.946114 -1.341808 8.234724 1.003313 2.683075 -5.550306 -3.986831 -6.665441 -6.060958 -6.524235 7.176577 -3.275831 3.106136 4.820118 -8.268569 -9.837762 -3.262584 5.755697 -3.998600 -4.475358 2.651281 0.078350 -3.177762 -8.647976 -6.536470 1.554221 1.785528 9.363999 0.731091 7.447556 -8.919343 -7.405279 -0.527879 7.944926 -9.624270 4.899348 3.346681 7.664521 -2.399306 -5.143227 -2.219278 0.594679 -5.236290 -6.329505 0.004387 -6.275993 -0.612581
3.224004 -6.277203 -9.261939 -5.412749 7.932510 1.689664 -1.821839 0.345118 0.394851 -3.745938 2.012111 -2.447437 5.929038 9.336208 -6.359462 -3.470800 6.259329 0.535313 -2.994906 4.611800 -9.473121 5.258511 -0.199754 2.738423 4.672692 -6.071093 3.141568 0.340138 -3.292829 -2.576065 4.077667 -6.654100 4.548700 9.998434 3.677572 8.957138 2.619861 -7.988698 -6.049588 4.568623 4.842286 4.297757 -7.601750 -2.616918 -2.537222 -3.084176 4.251420 -6.379337 2.482855 9.339756
5.832897 -0.946114 -5.412749 -0.497446 -0.577894 7.336518 4.857080 -7.062718 -3.102847 -9.557656 4.482915 4.354100 -0.636897 -4.326296 7.950814 9.333126 1.846409 -7.398953 5.797574 -0.172743 -3.295376 -5.387400 -6.038767 6.448749 4.116060 -1.377624 6.274072 8.320199 -2.422469 5.569879 -7.047390 -5.485538 4.568782 7.519374 -1.886431 -5.245240 3.247208 -4.175992 -5.904901 -3.667157 6.085715 2.611435 -9.608259 -6.002841 -9.745454 8.148107 5.238681 6.508989 -3.415350 -1.784603
-6.503190 -1.341808 7.932510 -0.577894 1.828090 4.713559 0.781091 7.797381 -9.409213 -0.643058 -7.878709 2.537579 9.081992 1.047901 -7.925946 8.632246 2.160307 8.285501 -5.578234 6.622603 6.091023 -8.174373 -6.684413 -4.926182 5.665365 -2.214529 0.416288 -3.442751 -2.312119 0.218882 -1.255592 -2.733669 -4.781740 -6.710565 -4.461027 3.514526 8.630953 0.433367 3.601081 3.374714 -1.181632 0.307898 -5.150722 -8.184378 5.156026 -2.672806 -1.856808 -7.371073 -5.621576 -1.828768
0.885735 8.234724 1.689664 7.336518 4.713559 7.682599 1.442106 -2.532458 -3.028871 -6.236686 0.012970 -2.009711 2.789866 9.276748 -5.693995 1.021485 8.094144 -1.720747 -0.593004 -6.626347 -9.014562 -7.750031 5.230284 5.384525 -2.288124 3.494002 3.692024 -8.148988 -0.033023 4.979328 7.562698 6.267225 -6.743082 9.016251 -3.877033 -1.286929 -9.409971 6.611386 -2.428212 9.046171 -1.003850 8.291086 8.280752 -5.407044 3.814299 6.916740 9.653011 -1.850672 -4.247544 -8.479131
6.551917 1.003313 -1.821839 4.857080 0.781091 1.442106 2.430393 7.610038 1.911421 5.244373 2.169136 -3.338434 -9.052477 -4.988669 -4.555909 8.840761 6.670405 9.489428 8.822818 5.109597 -3.009875 -6.976701 2.589404 0.113846 -6.589599 8.605090 5.739600 5.464476 1.448293 1.461049 -4.145896 -0.069594 -9.667086 5.278782 0.494935 -1.621733 3.540570 6.357751 -5.275611 -7.185934 6.004158 -8.112651 -9.330160 8.002554 -1.074759 -3.482598 7.977011 9.626660 -4.729569 -9.864501
-1.935708 2.683075 0.345118 -7.062718 7.797381 -2.532458 7.610038 3.447177 -3.291041 7.472184 4.999952 -5.804277 7.519201 -4.780935 6.819193 -9.825153 8.659217 -4.539985 -3.532629 7.104854 -8.715451 -0.590993 7.176524 -4.153793 7.197062 1.015075 0.359632 4.333545 -6.104106 8.290650 0.957461 -7.946165 8.802214 -1.184703 8.693619 -6.340503 -4.835829 4.228001 0.017839 -0.173907 -2.851438 -4.120145 -7.281548 -0.981894 -2.690751 -3.454869 -5.990248 1.897571 -7.523589 -8.956924
6.553338 -5.550306 0.394851 -3.102847 -9.409213 -3.028871 1.911421 -3.291041 -1.928068 -5.039735 -2.818102 -3.835848 -9.104831 -4.889677 -0.801444 -9.865598 8.887549 -6.958865 2.351712 5.229435 -8.893120 -6.675034 -7.295278 8.256356 4.579801 -7.276642 1.485968 -5.340285 5.834058 -6.993147 6.176286 4.835404 8.632159 0.688793 -3.449425 5.509087 -8.775201 -4.804955 3.119414 7.986847 -5.070247 4.355139 -3.172823 -5.644321 -4.109027 -0.416495 -0.029340 6.887787 3.035980 5.711065
1.953345 -3.986831 -3.745938 -9.557656 -0.643058 -6.236686 5.244373 7.472184 -5.039735 3.610518 1.972330 8.956951 -0.528374 -0.379357 4.153505 7.966555 -6.106636 5.775464 8.230931 -2.737925 3.690567 7.351503 -3.294271 -6.809165 -1.637272 2.362575 7.799220 1.490545 -8.409423 2.830169 6.642433 -0.621946 6.948994 -8.253992 -4.847203 -6.942025 5.389539 1.984028 5.566147 -9.768070 8.049527 8.404605 -3.810863 -9.182397 -8.543657 6.751973 0.405731 -0.887203 8.770915 -7.233330
9.867111 -6.665441 2.012111 4.482915 -7.878709 0.012970 2.169136 4.999952 -2.818102 1.972330 -2.197662 3.902723 -6.942141 3.444217 6.951408 -7.692738 8.155139 3.424996 3.909251 2.779330 -7.796422 5.541708 -0.514242 -2.870650 -7.020645 4.024485 -0.477123 0.993349 -4.791365 -8.478956 -5.819099 -1.589436 6.345141 2.776918 -8.334197 7.152730 -4.065297 -5.439966 -9.514234 -5.735387 5.346948 6.151269 4.373107 -1.190487 -8.519748 8.593146 4.999803 -8.309654 -0.357539 -9.156676
-3.473293 -6.060958 -2.447437 4.354100 2.537579 -2.009711 -3.338434 -5.804277 -3.835848 8.956951 3.902723 6.876464 -7.266259 -4.007286 9.552524 9.272531 3.420387 6.443691 -0.878467 -4.387615 -2.637073 -1.285493 -5.276110 4.427172 7.479628 -9.888022 -7.984532 3.975598 -2.118012 2.565774 2.969121 2.012237 -0.330717 1.639219 -9.648352 0.155218 8.756230 5.960863 4.222214 2.756418 7.117723 7.567515 7.230389 1.152236 5.625932 -4.954295 -6.837279 5.855858 -0.597444 -1.241386
4.356791 -6.524235 5.929038 -0.636897 9.081992 2.789866 -9.052477 7.519201 -9.104831 -0.528374 -6.942141 -7.266259 9.669571 -3.519937 0.419749 -5.284844 -2.377671 -1.519781 -2.952266 1.262885 5.311047 2.773417 -7.172684 8.692226 -9.765452 -7.958764 -2.949754 3.480982 4.863140 -5.212853 7.579955 -3.688313 -9.468275 6.696266 4.147037 -0.745157 -3.860571 -4.616166 -3.907543 5.916835 4.250427 -3.067348 7.087953 7.223346 2.773235 9.765327 5.847992 7.208292 9.763622 -2.803719
4.586839 7.176577 9.336208 -4.326296 1.047901 9.276748 -4.988669 -4.780935 -4.889677 -0.379357 3.444217 -4.007286 -3.519937 -3.288774 5.575646 9.875306 -5.732638 -8.448516 5.791130 -8.486250 -8.406651 9.419762 -2.058529 2.300549 5.319321 1.833599 -2.706911 4.953838 -0.837415 5.558333 -1.093607 -0.250980 1.770811 2.013477 0.505895 2.584860 3.737248 -8.079554 6.938427 -5.859825 -6.073361 5.024020 -1.303234 -3.454048 7.821415 -5.475425 -5.475192 -1.550111 7.281398 -1.537414
-9.002045 -3.275831 -6.359462 7.950814 -7.925946 -5.693995 -4.555909 6.819193 -0.801444 4.153505 6.951408 9.552524 0.419749 5.575646 -8.564167 2.053000 4.771960 2.337870 -7.411427 -3.845501 8.665335 -1.715737 3.604798 5.836811 -0.725217 -8.727769 -7.620844 -3.517936 -5.957073 -0.531691 3.871224 3.657981 -0.312930 0.581637 -4.431449 0.638144 5.288286 0.230193 8.849735 -2.506068 0.512293 -9.892097 3.531920 0.975742 -0.705135 8.797397 -2.154441 -9.693441 2.341344 -9.024677
2.632479 3.106136 -3.470800 9.333126 8.632246 1.021485 8.840761 -9.825153 -9.865598 7.966555 -7.692738 9.272531 -5.284844 9.875306 2.053000 4.472607 -8.891192 5.730987 0.701063 2.765543 0.489046 -0.598068 8.272062 8.538505 6.658017 1.290788 -5.724924 1.207500 -5.549329 -7.579787 6.522867 9.824385 -1.560674 9.757743 -1.616797 6.498675 3.235267 -4.869301 1.655431 2.822624 -0.150227 -4.866317 -8.194291 -1.446244 -7.030346 0.968030 9.675633 -1.634540 8.284110 -8.967338
4.082430 4.820118 6.259329 1.846409 2.160307 8.094144 6.670405 8.659217 8.887549 -6.106636 8.155139 3.420387 -2.377671 -5.732638 4.771960 -8.891192 -2.514966 -9.041328 2.406543 6.766414 3.123825 2.121190 -9.156596 5.096993 5.163806 8.079997 0.508363 4.065243 4.537429 0.576506 9.329632 3.119839 -4.869087 5.253526 -3.994655 1.840599 -5.054667 6.215437 2.850078 1.261512 2.232963 9.405252 -5.922560 -0.470785 7.515556 -6.049041 -6.232263 -5.641531 2.793465 9.763313
-6.604273 -8.268569 0.535313 -7.398953 8.285501 -1.720747 9.489428 -4.539985 -6.958865 5.775464 3.424996 6.443691 -1.519781 -8.448516 2.337870 5.730987 -9.041328 -2.870976 7.500114 -5.580994 0.236808 0.035989 4.865722 -1.805305 -1.754910 5.222284 -9.068586 4.280470 1.861352 3.750645 -2.904110 -9.374547 1.995071 -8.840741 -6.336845 -3.348898 -4.923986 2.559026 9.549534 -0.982778 2.452139 -6.899613 -1.797584 8.006135 -0.881058 -7.938698 -5.705242 -7.997699 2.680781 -4.108166
1.984142 -9.837762 -2.994906 5.797574 -5.578234 -0.593004 8.822818 -3.532629 2.351712 8.230931 3.909251 -0.878467 -2.952266 5.791130 -7.411427 0.701063 2.406543 7.500114 4.485637 -9.896702 6.134450 1.696702 -3.530025 -9.125237 -7.850726 -7.153979 3.077322 0.553503 2.721704 3.676608 -7.247516 -9.001245 -3.920409 9.679262 -0.651784 5.467810 -2.521008 9.424680 0.588869 -2.872125 8.194340 2.264726 3.252230 0.236565 -4.044837 -1.567771 -9.532404 8.893302 9.729353 1.232479
7.467016 -3.262584 4.611800 -0.172743 6.622603 -6.626347 5.109597 7.104854 5.229435 -2.737925 2.779330 -4.387615 1.262885 -8.486250 -3.845501 2.765543 6.766414 -5.580994 -9.896702 3.091549 -0.331037 -3.744541 5.507185 -0.745920 3.330480 -4.621753 2.197939 0.764924 -3.921011 -0.430060 -8.012728 -9.926870 -0.896413 -6.015886 -8.992111 9.597111 -1.360439 -4.902693 0.438544 -9.396928 5.827363 0.494655 -6.327572 -7.500685 -4.010378 -2.426933 -9.470445 -9.775397 4.900511 2.892882
-1.870086 5.755697 -9.473121 -3.295376 6.091023 -9.014562 -3.009875 -8.715451 -8.893120 3.690567 -7.796422 -2.637073 5.311047 -8.406651 8.665335 0.489046 3.123825 0.236808 6.134450 -0.331037 3.125777 -5.061435 -7.534109 -5.778085 7.723984 -2.995431 -4.210709 -9.390939 6.490907 -7.320468 4.887033 -3.638872 1.473941 -7.476463 3.087767 -3.900565 3.202022 -3.610238 2.730535 -7.900056 3.766481 3.243629 -4.320545 4.608509 -4.783481 4.032902 0.979336 -0.300904 2.707797 9.946473
9.470182 -3.998600 5.258511 -5.387400 -8.174373 -7.750031 -6.976701 -0.590993 -6.675034 7.351503 5.541708 -1.285493 2.773417 9.419762 -1.715737 -0.598068 2.121190 0.035989 1.696702 -3.744541 -5.061435 -9.391316 0.148105 9.194509 -7.890287 7.948212 5.594053 -0.759431 -3.750998 -3.021704 -5.777124 3.879176 -2.693146 -3.704634 -3.788622 4.622374 8.231950 -5.616177 8.909687 5.114869 5.599338 8.076122 -4.625342 1.869468 0.140313 -1.762406 -0.760973 -9.674907 -6.160394 2.265744
5.348646 -4.475358 -0.199754 -6.038767 -6.684413 5.230284 2.589404 7.176524 -7.295278 -3.294271 -0.514242 -5.276110 -7.172684 -2.058529 3.604798 8.272062 -9.156596 4.865722 -3.530025 5.507185 -7.534109 0.148105 -1.778780 4.046666 -7.689155 8.379520 -5.402975 -7.800139 3.063489 8.061499 9.618054 -9.369795 1.857534 -0.419948 1.940324 -8.980714 1.141394 3.404890 5.985879 4.670267 -6.819711 1.124578 0.781704 -1.896699 2.180970 -4.442685 -8.211990 1.091148 -1.082267 -9.660575
-5.304241 2.651281 2.738423 6.448749 -4.926182 5.384525 0.113846 -4.153793 8.256356 -6.809165 -2.870650 4.427172 8.692226 2.300549 5.836811 8.538505 5.096993 -1.805305 -9.125237 -0.745920 -5.778085 9.194509 4.046666 9.109373 1.223700 6.725831 1.039308 7.655158 0.242931 2.934588 1.612136 -4.822787 3.411577 -1.625737 -3.753684 -8.159819 -2.077972 -4.480265 0.189993 -6.780375 2.241781 -2.378967 -3.290705 -6.879056 3.713922 -0.106929 2.838419 5.300339 2.801517 5.097046
-8.375221 0.078350 4.672692 4.116060 5.665365 -2.288124 -6.589599 7.197062 4.579801 -1.637272 -7.020645 7.479628 -9.765452 5.319321 -0.725217 6.658017 5.163806 -1.754910 -7.850726 3.330480 7.723984 -7.890287 -7.689155 1.223700 1.205685 3.952562 -9.294135 -6.520876 3.644300 9.757889 0.842092 -6.959046 -0.684606 -6.170853 6.466081 -4.580215 0.327295 0.850428 -6.849505 0.367802 1.652359 -8.796194 2.368075 0.231145 4.860608 -7.760596 7.656227 -1.798213 -2.564472 -1.079236
-2.347271 -3.177762 -6.071093 -1.377624 -2.214529 3.494002 8.605090 1.015075 -7.276642 2.362575 4.024485 -9.888022 -7.958764 1.833599 -8.727769 1.290788 8.079997 5.222284 -7.153979 -4.621753 -2.995431 7.948212 8.379520 6.725831 3.952562 -2.972790 -3.674635 0.405495 -4.851729 -3.011047 -6.665341 -4.393472 -1.083094 -3.553476 -3.278724 -5.506261 -3.735642 -4.942638 9.078814 7.629644 -8.575894 4.954030 2.376874 8.127924 6.012219 7.358200 9.275216 8.551302 1.729775 -7.675922
9.414406 -8.647976 3.141568 6.274072 0.416288 3.692024 5.739600 0.359632 1.485968 7.799220 -0.477123 -7.984532 -2.949754 -2.706911 -7.620844 -5.724924 0.508363 -9.068586 3.077322 2.197939 -4.210709 5.594053 -5.402975 1.039308 -9.294135 -3.674635 4.632382 -3.561844 -3.904335 -0.160420 3.826199 6.929937 -8.541110 9.557047 5.291933 1.525691 2.283449 -2.071062 -8.346493 0.489936 -5.637494 -9.353635 -6.551800 3.904197 -2.168864 7.897294 9.814071 5.088847 8.257754 8.075032
7.916780 -6.536470 0.340138 8.320199 -3.442751 -8.148988 5.464476 4.333545 -5.340285 1.490545 0.993349 3.975598 3.480982 4.953838 -3.517936 1.207500 4.065243 4.280470 0.553503 0.764924 -9.390939 -0.759431 -7.800139 7.655158 -6.520876 0.405495 -3.561844 -9.133745 9.153994 -8.819631 8.459710 2.339135 -6.162364 9.141575 2.451414 0.911443 -1.379594 -6.834758 8.230482 9.710411 2.878787 3.776117 5.193436 6.083456 4.643840 9.012390 -8.766086 8.388553 6.415284 1.675599
-2.676637 1.554221 -3.292829 -2.422469 -2.312119 -0.033023 1.448293 -6.104106 5.834058 -8.409423 -4.791365 -2.118012 4.863140 -0.837415 -5.957073 -5.549329 4.537429 1.861352 2.721704 -3.921011 6.490907 -3.750998 3.063489 0.242931 3.644300 -4.851729 -3.904335 9.153994 7.903695 -2.590883 -4.968830 8.882014 0.012683 -6.828563 -7.657050 7.967766 -5.753223 5.578065 -9.456062 -8.031842 8.823525 -3.009349 1.875549 2.350817 -9.818326 3.401617 -9.028018 6.096072 -3.311016 -8.247752
-6.244504 1.785528 -2.576065 5.569879 0.218882 4.979328 1.461049 8.290650 -6.993147 2.830169 -8.478956 2.565774 -5.212853 5.558333 -0.531691 -7.579787 0.576506 3.750645 3.676608 -0.430060 -7.320468 -3.021704 8.061499 2.934588 9.757889 -3.011047 -0.160420 -8.819631 -2.590883 -2.518591 -9.961786 -7.736364 -5.061552 -9.503067 1.945174 -7.462974 9.804380 2.207703 4.856965 -8.993640 3.894062 7.497252 6.322367 0.021286 -2.247348 8.825992 -1.552132 -6.676122 -5.584877 -5.031511
8.615118 9.363999 4.077667 -7.047390 -1.255592 7.562698 -4.145896 0.957461 6.176286 6.642433 -5.819099 2.969121 7.579955 -1.093607 3.871224 6.522867 9.329632 -2.904110 -7.247516 -8.012728 4.887033 -5.777124 9.618054 1.612136 0.842092 -6.665341 3.826199 8.459710 -4.968830 -9.961786 1.778035 3.441318 -1.772750 5.391887 1.437069 -7.182312 6.885328 1.710559 9.359089 -1.794216 4.609725 -4.351335 7.105651 4.681884 8.425506 7.479164 2.315036 8.809409 -0.270585 -7.725440
-5.719381 0.731091 -6.654100 -5.485538 -2.733669 6.267225 -0.069594 -7.946165 4.835404 -0.621946 -1.589436 2.012237 -3.688313 -0.250980 3.657981 9.824385 3.119839 -9.374547 -9.001245 -9.926870 -3.638872 3.879176 -9.369795 -4.822787 -6.959046 -4.393472 6.929937 2.339135 8.882014 -7.736364 3.441318 -4.310763 9.003587 3.287047 5.395099 -4.577575 4.695765 1.725191 -4.717449 -6.169311 -7.602027 -7.272981 3.001856 -7.802456 4.114936 -0.264218 -0.716276 1.556678 3.079174 -8.327444
-5.637105 7.447556 4.548700 4.568782 -4.781740 -6.743082 -9.667086 8.802214 8.632159 6.948994 6.345141 -0.330717 -9.468275 1.770811 -0.312930 -1.560674 -4.869087 1.995071 -3.920409 -0.896413 1.473941 -2.693146 1.857534 3.411577 -0.684606 -1.083094 -8.541110 -6.162364 0.012683 -5.061552 -1.772750 9.003587 -0.702705 9.629130 -3.206141 -5.606485 -8.190385 4.206350 -3.879217 1.998008 0.518291 -9.076095 -1.927091 -8.617977 -2.338752 -7.412499 -1.879021 -0.706105 -7.499139 1.970820
-2.826130 -8.919343 9.998434 7.519374 -6.710565 9.016251 5.278782 -1.184703 0.688793 -8.253992 2.776918 1.639219 6.696266 2.013477 0.581637 9.757743 5.253526 -8.840741 9.679262 -6.015886 -7.476463 -3.704634 -0.419948 -1.625737 -6.170853 -3.553476 9.557047 9.141575 -6.828563 -9.503067 5.391887 3.287047 9.629130 -2.476835 -8.159984 -4.859151 -7.748659 8.282698 7.308745 -1.923705 8.284580 -1.065523 -8.244842 8.943144 7.425569 1.540162 5.498361 -9.043877 -0.448151 7.930634
1.225023 -7.405279 3.677572 -1.886431 -4.461027 -3.877033 0.494935 8.693619 -3.449425 -4.847203 -8.334197 -9.648352 4.147037 0.505895 -4.431449 -1.616797 -3.994655 -6.336845 -0.651784 -8.992111 3.087767 -3.788622 1.940324 -3.753684 6.466081 -3.278724 5.291933 2.451414 -7.657050 1.945174 1.437069 5.395099 -3.206141 -8.159984 -7.737327 -1.256971 -5.909584 -2.372257 9.473032 -6.750687 1.205066 -6.449153 9.093156 8.669608 -9.900034 -9.866666 -9.054089 7.923328 7.374793 8.148005
8.967120 -0.527879 8.957138 -5.245240 3.514526 -1.286929 -1.621733 -6.340503 5.509087 -6.942025 7.152730 0.155218 -0.745157 2.584860 0.638144 6.498675 1.840599 -3.348898 5.467810 9.597111 -3.900565 4.622374 -8.980714 -8.159819 -4.580215 -5.506261 1.525691 0.911443 7.967766 -7.462974 -7.182312 -4.577575 -5.606485 -4.859151 -1.256971 -0.076400 -4.058708 5.290480 -2.903225 5.493051 1.700451 -0.522274 2.145768 3.916669 7.463097 -7.724444 -4.725126 4.813462 -0.147300 4.326953
-9.612835 7.944926 2.619861 3.247208 8.630953 -9.409971 3.540570 -4.835829 -8.775201 5.389539 -4.065297 8.756230 -3.860571 3.737248 5.288286 3.235267 -5.054667 -4.923986 -2.521008 -1.360439 3.202022 8.231950 1.141394 -2.077972 0.327295 -3.735642 2.283449 -1.379594 -5.753223 9.804380 6.885328 4.695765 -8.190385 -7.748659 -5.909584 -4.058708 3.159716 5.346271 -5.228429 5.798391 -6.441065 5.015433 -5.625396 -6.036302 7.877478 -3.233160 0.283309 1.574406 1.036095 -6.348825
-2.916015 -9.624270 -7.988698 -4.175992 0.433367 6.611386 6.357751 4.228001 -4.804955 1.984028 -5.439966 5.960863 -4.616166 -8.079554 0.230193 -4.869301 6.215437 2.559026 9.424680 -4.902693 -3.610238 -5.616177 3.404890 -4.480265 0.850428 -4.942638 -2.071062 -6.834758 5.578065 2.207703 1.710559 1.725191 4.206350 8.282698 -2.372257 5.290480 5.346271 -3.794322 8.830588 -4.310563 -7.629822 5.581994 -3.419506 8.363173 -0.149390 9.208782 -8.005338 -5.722702 -1.460093 0.223137
-9.466164 4.899348 -6.049588 -5.904901 3.601081 -2.428212 -5.275611 0.017839 3.119414 5.566147 -9.514234 4.222214 -3.907543 6.938427 8.849735 1.655431 2.850078 9.549534 0.588869 0.438544 2.730535 8.909687 5.985879 0.189993 -6.849505 9.078814 -8.346493 8.230482 -9.456062 4.856965 9.359089 -4.717449 -3.879217 7.308745 9.473032 -2.903225 -5.228429 8.830588 6.206097 5.875807 -5.309054 -9.274835 -2.155749 8.319940 -6.766886 8.943681 -3.561741 -2.173768 5.475295 3.275043
2.180555 3.346681 4.568623 -3.667157 3.374714 9.046171 -7.185934 -0.173907 7.986847 -9.768070 -5.735387 2.756418 5.916835 -5.859825 -2.506068 2.822624 1.261512 -0.982778 -2.872125 -9.396928 -7.900056 5.114869 4.670267 -6.780375 0.367802 7.629644 0.489936 9.710411 -8.031842 -8.993640 -1.794216 -6.169311 1.998008 -1.923705 -6.750687 5.493051 5.798391 -4.310563 5.875807 7.140194 5.233347 -3.141601 -0.886263 4.585972 -3.563318 -8.683872 -9.843727 -3.520722 7.228247 5.142485
8.586211 7.664521 4.842286 6.085715 -1.181632 -1.003850 6.004158 -2.851438 -5.070247 8.049527 5.346948 7.117723 4.250427 -6.073361 0.512293 -0.150227 2.232963 2.452139 8.194340 5.827363 3.766481 5.599338 -6.819711 2.241781 1.652359 -8.575894 -5.637494 2.878787 8.823525 3.894062 4.609725 -7.602027 0.518291 8.284580 1.205066 1.700451 -6.441065 -7.629822 -5.309054 5.233347 -8.323857 0.938042 5.674201 6.299907 2.530139 4.048074 -4.024718 -3.441227 3.297640 3.430755
8.449356 -2.399306 4.297757 2.611435 0.307898 8.291086 -8.112651 -4.120145 4.355139 8.404605 6.151269 7.567515 -3.067348 5.024020 -9.892097 -4.866317 9.405252 -6.899613 2.264726 0.494655 3.243629 8.076122 1.124578 -2.378967 -8.796194 4.954030 -9.353635 3.776117 -3.009349 7.497252 -4.351335 -7.272981 -9.076095 -1.065523 -6.449153 -0.522274 5.015433 5.581994 -9.274835 -3.141601 0.938042 -6.652563 -9.628664 -8.961855 -1.898165 -2.451588 -3.846331 -5.290960 -5.161066 -2.029953
8.318562 -5.143227 -7.601750 -9.608259 -5.150722 8.280752 -9.330160 -7.281548 -3.172823 -3.810863 4.373107 7.230389 7.087953 -1.303234 3.531920 -8.194291 -5.922560 -1.797584 3.252230 -6.327572 -4.320545 -4.625342 0.781704 -3.290705 2.368075 2.376874 -6.551800 5.193436 1.875549 6.322367 7.105651 3.001856 -1.927091 -8.244842 9.093156 2.145768 -5.625396 -3.419506 -2.155749 -0.886263 5.674201 -9.628664 8.098698 -5.185899 0.591026 -6.620070 -3.509470 -3.658654 9.009305 -0.609052
-9.927774 -2.219278 -2.616918 -6.002841 -8.184378 -5.407044 8.002554 -0.981894 -5.644321 -9.182397 -1.190487 1.152236 7.223346 -3.454048 0.975742 -1.446244 -0.470785 8.006135 0.236565 -7.500685 4.608509 1.869468 -1.896699 -6.879056 0.231145 8.127924 3.904197 6.083456 2.350817 0.021286 4.681884 -7.802456 -8.617977 8.943144 8.669608 3.916669 -6.036302 8.363173 8.319940 4.585972 6.299907 -8.961855 -5.185899 -1.428243 -4.474024 5.073985 -1.527864 1.182433 -6.847013 2.254061
3.905717 0.594679 -2.537222 -9.745454 5.156026 3.814299 -1.074759 -2.690751 -4.109027 -8.543657 -8.519748 5.625932 2.773235 7.821415 -0.705135 -7.030346 7.515556 -0.881058 -4.044837 -4.010378 -4.783481 0.140313 2.180970 3.713922 4.860608 6.012219 -2.168864 4.643840 -9.818326 -2.247348 8.425506 4.114936 -2.338752 7.425569 -9.900034 7.463097 7.877478 -0.149390 -6.766886 -3.563318 2.530139 -1.898165 0.591026 -4.474024 7.205665 5.606934 -4.265935 2.436886 -3.262826 1.691151
3.384075 -5.236290 -3.084176 8.148107 -2.672806 6.916740 -3.482598 -3.454869 -0.416495 6.751973 8.593146 -4.954295 9.765327 -5.475425 8.797397 0.968030 -6.049041 -7.938698 -1.567771 -2.426933 4.032902 -1.762406 -4.442685 -0.106929 -7.760596 7.358200 7.897294 9.012390 3.401617 8.825992 7.479164 -0.264218 -7.412499 1.540162 -9.866666 -7.724444 -3.233160 9.208782 8.943681 -8.683872 4.048074 -2.451588 -6.620070 5.073985 5.606934 -6.915170 -3.264841 7.810955 -1.287611 -0.871063
-3.855175 -6.329505 4.251420 5.238681 -1.856808 9.653011 7.977011 -5.990248 -0.029340 0.405731 4.999803 -6.837279 5.847992 -5.475192 -2.154441 9.675633 -6.232263 -5.705242 -9.532404 -9.470445 0.979336 -0.760973 -8.211990 2.838419 7.656227 9.275216 9.814071 -8.766086 -9.028018 -1.552132 2.315036 -0.716276 -1.879021 5.498361 -9.054089 -4.725126 0.283309 -8.005338 -3.561741 -9.843727 -4.024718 -3.846331 -3.509470 -1.527864 -4.265935 -3.264841 2.465554 -1.434593 8.787604 -6.742048
6.078931 0.004387 -6.379337 6.508989 -7.371073 -1.850672 9.626660 1.897571 6.887787 -0.887203 -8.309654 5.855858 7.208292 -1.550111 -9.693441 -1.634540 -5.641531 -7.997699 8.893302 -9.775397 -0.300904 -9.674907 1.091148 5.300339 -1.798213 8.551302 5.088847 8.388553 6.096072 -6.676122 8.809409 1.556678 -0.706105 -9.043877 7.923328 4.813462 1.574406 -5.722702 -2.173768 -3.520722 -3.441227 -5.290960 -3.658654 1.182433 2.436886 7.810955 -1.434593 -4.906201 1.476556 -3.523730
8.596575 -6.275993 2.482855 -3.415350 -5.621576 -4.247544 -4.729569 -7.523589 3.035980 8.770915 -0.357539 -0.597444 9.763622 7.281398 2.341344 8.284110 2.793465 2.680781 9.729353 4.900511 2.707797 -6.160394 -1.082267 2.801517 -2.564472 1.729775 8.257754 6.415284 -3.311016 -5.584877 -0.270585 3.079174 -7.499139 -0.448151 7.374793 -0.147300 1.036095 -1.460093 5.475295 7.228247 3.297640 -5.161066 9.009305 -6.847013 -3.262826 -1.287611 8.787604 1.476556 -4.967238 -4.361977
2.632560 -0.612581 9.339756 -1.784603 -1.828768 -8.479131 -9.864501 -8.956924 5.711065 -7.233330 -9.156676 -1.241386 -2.803719 -1.537414 -9.024677 -8.967338 9.763313 -4.108166 1.232479 2.892882 9.946473 2.265744 -9.660575 5.097046 -1.079236 -7.675922 8.075032 1.675599 -8.247752 -5.031511 -7.725440 -8.327444 1.970820 7.930634 8.148005 4.326953 -6.348825 0.223137 3.275043 5.142485 3.430755 -2.029953 -0.609052 2.254061 1.691151 -0.871063 -6.742048 -3.523730 -4.361977 7.960762
