-7.480935 -6.900549 -6.793534 -4.632993 -6.537707 3.284875 8.166537 -6.966911 8.034779 -9.429593 -0.650826 -4.372769 4.223552 -1.624044 8.792797 0.699681 -6.043521 2.670531 -6.604500 7.054131 8.352814 7.162663 -4.983573 -0.645544 -1.115542 5.647502 -3.450551 -7.785137 -7.478597 1.535669 0.058785 -4.959532 4.635120 3.265251 0.407475 8.097413 -3.449874 -1.425988 -8.869498 -5.415095 -0.855581 0.479676 0.212137 -6.632029 8.855632 -0.995066 4.067652 -7.187889 -8.324536 7.463152
-6.900549 -9.971721 4.625815 -5.117331 -0.617265 -6.489727 -9.469829 5.932184 -4.274864 -6.948426 -2.532147 5.783921 -1.907958 -7.897028 -0.950827 8.499516 -9.799615 5.599299 -2.926471 -8.669113 -9.815796 6.217947 1.810562 0.396341 9.585918 0.666195 9.401275 3.653571 3.478305 -8.923261 1.116723 3.344547 -8.894982 -4.257462 8.227216 0.487753 -0.747188 8.757387 -3.580064 4.977948 -8.191039 3.887789 0.761869 -0.098997 5.990761 9.811042 -1.599481 6.191146 5.410341 5.474048
-6.793534 4.625815 1.691995 -0.667405 -4.009113 1.277914 9.998790 -4.607839 -5.068516 3.477095 -3.531100 6.048207 -3.178358 -2.426082 -8.209255 -4.951142 8.061670 1.043557 -6.193755 -5.518394 -3.978495 -4.384794 8.369395 6.783374 5.516209 4.360156 6.594417 -6.083272 0.551302 2.004758 9.390776 -1.926665 -2.400697 1.082771 7.405930 3.590190 -7.639315 7.404720 8.982351 -2.707831 0.881815 -4.548749 -6.659624 7.703458 3.025168 -4.868878 -7.247684 1.086838 6.174679 -3.441439
-4.632993 -5.117331 -0.667405 3.937840 8.979558 -2.310023 -1.702004 5.573975 1.606705 8.849299 -2.421268 0.997482 -3.077366 5.178035 -7.919747 -5.671436 -1.231775 -5.559062 -8.266715 -2.249424 1.733107 2.615100 3.201827 5.073483 0.318558 -3.773005 -9.795395 3.070874 7.313833 6.379284 9.629435 2.882278 8.575467 1.803203 -3.179882 7.555025 9.493180 5.118114 3.129000 1.099885 3.967413 -9.292268 -7.902633 -9.109953 5.885768 -5.822380 -4.781389 -5.346007 -1.381442 -3.048104
-6.537707 -0.617265 -4.009113 8.979558 5.425148 -0.114447 1.833390 5.629753 -7.043573 -0.852776 2.009037 -7.414138 -7.970498 0.584504 4.389065 -1.150380 -1.860471 3.882245 -6.032266 -8.731471 -5.017870 7.935147 -8.023739 -2.920503 8.825193 7.862029 1.257117 -5.956196 -7.483978 9.875674 0.995700 4.920591 -9.772661 0.562696 -9.473014 5.652488 -9.551751 2.360377 1.282241 -6.595324 -8.492400 -6.708722 -4.009461 -6.462898 3.875782 -9.620396 2.386722 -7.984689 4.261849 6.354456
3.284875 -6.489727 1.277914 -2.310023 -0.114447 3.114796 -6.877869 7.580593 7.158600 -4.361847 7.456268 -1.845700 -9.441256 7.683607 8.716996 -8.914269 3.336095 9.165246 3.446107 -5.381664 -7.430078 4.953708 -2.090386 -1.439539 8.490810 -8.214604 -1.059935 0.877531 -6.199293 -6.798086 -2.768013 -2.915452 -7.554106 -8.478411 2.344650 -1.230629 4.636385 5.466781 -3.650036 1.794985 -8.895066 -6.193769 9.949286 -8.336321 -8.510162 8.666282 -7.250591 4.825933 7.831528 6.195516
8.166537 -9.469829 9.998790 -1.702004 1.833390 -6.877869 -0.860721 7.901976 -9.482435 2.939986 -8.896110 -2.250448 -9.975467 -6.450216 -0.728858 2.369183 2.319155 -6.092473 -2.164036 8.669118 5.702512 -1.059102 -7.524650 5.651798 0.604577 -6.034812 4.318080 3.353986 8.791122 2.149607 -0.450497 8.235391 2.551057 -9.301273 -4.410726 -8.487032 0.338760 4.728552 9.414943 0.856326 -2.331462 -9.481166 8.605878 -2.306929 -5.931382 -2.122980 -9.937746 6.387772 1.784546 -2.101782
-6.966911 5.932184 -4.607839 5.573975 5.629753 7.580593 7.901976 7.456936 -9.202321 -9.711450 -0.393457 0.347182 8.523941 -7.842400 1.045909 -5.886785 -6.329433 -8.615331 8.841767 -6.914489 2.240994 -3.489695 -6.395655 0.846872 4.203376 -2.327038 8.723892 4.265630 -5.939265 0.508438 -7.836152 9.117626 7.995496 9.002964 6.649866 -8.865648 -3.553342 8.147295 8.591288 -2.755663 8.435846 -1.802169 7.591519 6.959787 0.355430 -1.362572 -8.926999 4.025998 0.022097 9.914768
8.034779 -4.274864 -5.068516 1.606705 -7.043573 7.158600 -9.482435 -9.202321 4.894078 2.449551 -7.657707 7.057926 1.567176 -9.662210 6.060891 -1.782957 -8.527858 -7.492451 -3.635662 -9.936570 -0.248114 -5.199817 -1.738739 -2.656595 -8.240030 8.616691 5.980832 -7.167029 2.642689 -3.997071 -7.252261 -0.245802 -1.733980 -0.827188 0.470052 -8.624017 -0.198739 8.858868 3.209838 -5.304661 1.308418 5.552132 -8.246735 -7.124405 5.889921 7.814156 1.092637 7.362064 -9.678295 7.456975
-9.429593 -6.948426 3.477095 8.849299 -0.852776 -4.361847 2.939986 -9.711450 2.449551 6.946135 9.400756 -0.402161 -3.299667 -2.333224 8.770651 7.170385 -0.957241 -1.428089 6.029253 -7.747403 3.267250 -2.662329 7.804729 5.020516 0.213266 3.694650 2.834672 -8.694097 1.056714 3.156377 8.762878 -1.517793 -6.770033 -8.979963 4.168962 -9.353038 -4.962835 8.472408 4.044789 1.887264 5.418543 3.445545 -8.514898 -7.881123 -8.887679 -9.744247 9.289262 0.155080 -1.172336 5.318515
-0.650826 -2.532147 -3.531100 -2.421268 2.009037 7.456268 -8.896110 -0.393457 -7.657707 9.400756 -6.893521 2.938234 -6.554024 -3.663554 3.958271 7.614939 -3.016593 8.995435 6.087346 -8.971803 0.882699 1.505890 4.473742 2.367802 3.624766 5.586062 2.623555 2.914028 -4.258858 -8.548781 -1.767457 8.148819 -6.453866 0.888729 -1.638776 -9.338436 -6.241819 2.268279 0.611666 7.933536 -2.767952 3.718144 0.871770 0.678025 -9.945410 -5.169959 -1.707037 -2.962003 -6.174524 -5.619690
-4.372769 5.783921 6.048207 0.997482 -7.414138 -1.845700 -2.250448 0.347182 7.057926 -0.402161 2.938234 0.657536 -7.984041 -5.303116 -8.453735 0.377183 -4.641552 -4.695555 -7.354538 5.970113 -6.762018 -0.122490 -0.311743 4.109752 -9.444465 -0.257153 8.939793 -1.151502 6.780844 -7.234731 3.228808 -5.152962 7.473444 -0.884992 -2.613026 -5.450579 8.625973 -4.487029 -5.751048 -8.949033 -0.619889 -4.600298 1.708503 1.396070 0.096586 3.254768 -8.226747 5.455034 8.559213 -5.581285
4.223552 -1.907958 -3.178358 -3.077366 -7.970498 -9.441256 -9.975467 8.523941 1.567176 -3.299667 -6.554024 -7.984041 2.484134 5.085453 -3.955926 9.871107 9.634874 -5.329952 -4.615921 -6.116174 -4.278985 4.764190 -0.716472 7.429518 -3.839739 9.380114 0.684286 -2.066487 4.835148 -0.756501 2.352228 -3.739704 1.040694 -3.351547 -2.626300 -3.052359 -8.499787 8.229952 -8.205620 -4.799528 -4.132953 9.406389 -7.870462 8.351181 4.491842 -1.826387 8.222289 4.126716 2.843660 -6.393633
-1.624044 -7.897028 -2.426082 5.178035 0.584504 7.683607 -6.450216 -7.842400 -9.662210 -2.333224 -3.663554 -5.303116 5.085453 -3.037329 1.465013 5.143328 3.910312 2.965226 3.373280 5.704692 8.165698 9.240327 5.111081 -9.704764 7.591508 -0.397076 -1.531151 5.813797 -6.270361 -8.687490 9.420164 -8.259819 9.877185 7.790722 -0.965749 5.871378 -7.678459 5.708435 -7.450144 4.785872 7.217768 8.471833 9.602432 -5.012604 -4.565496 1.067445 -9.869276 9.344816 -5.967329 3.504004
8.792797 -0.950827 -8.209255 -7.919747 4.389065 8.716996 -0.728858 1.045909 6.060891 8.770651 3.958271 -8.453735 -3.955926 1.465013 -6.639477 4.267584 -1.976474 -4.317937 -0.023981 0.573382 -9.532065 -2.806213 -0.954785 -9.929633 2.181182 4.479720 1.137812 2.311906 3.824535 5.170484 -4.184090 -1.125957 7.368853 8.560241 9.034632 9.862458 -1.103920 8.798145 0.824912 5.045716 -7.708703 -6.900124 -9.384484 -2.475370 5.252025 -6.023962 -8.207786 -6.724449 -0.341899 1.768233
0.699681 8.499516 -4.951142 -5.671436 -1.150380 -8.914269 2.369183 -5.886785 -1.782957 7.170385 7.614939 0.377183 9.871107 5.143328 4.267584 9.107078 3.736011 6.727339 7.905223 -5.439077 1.773055 -9.803479 -2.339201 2.388570 -2.278849 -7.087176 6.364609 -0.486635 -3.811625 -3.977290 -8.718401 -9.962692 6.148747 -9.756381 -7.068543 -3.654849 1.386821 -9.694676 -2.320632 4.841930 1.503728 -5.815932 -5.887051 1.576174 8.057621 1.944208 0.683252 1.793632 -1.328453 -1.411524
-6.043521 -9.799615 8.061670 -1.231775 -1.860471 3.336095 2.319155 -6.329433 -8.527858 -0.957241 -3.016593 -4.641552 9.634874 3.910312 -1.976474 3.736011 7.714390 8.931551 6.390643 -4.606242 3.773481 -2.105629 -0.422174 7.886430 9.470545 -2.364553 -0.169362 0.153797 9.429079 8.502185 8.742273 5.783635 8.946787 -2.472731 9.798989 1.779960 -5.966584 -3.272832 -9.022259 0.052929 9.843722 6.198232 7.354040 2.997584 -2.432529 -5.101231 -0.917097 -4.718140 -6.169680 -4.526454
2.670531 5.599299 1.043557 -5.559062 3.882245 9.165246 -6.092473 -8.615331 -7.492451 -1.428089 8.995435 -4.695555 -5.329952 2.965226 -4.317937 6.727339 8.931551 3.295216 -0.372237 5.527542 -6.651855 -0.528515 1.725774 -9.297815 -7.530931 9.293245 -4.399046 1.551973 -5.424895 -0.568726 7.025519 5.250723 -2.964925 0.393436 5.504168 -7.474695 -6.768102 -6.606940 -2.153826 -3.775843 0.711031 1.669228 -2.041312 3.812638 4.439069 7.220488 6.713233 -1.011130 0.515705 -3.659004
-6.604500 -2.926471 -6.193755 -8.266715 -6.032266 3.446107 -2.164036 8.841767 -3.635662 6.029253 6.087346 -7.354538 -4.615921 3.373280 -0.023981 7.905223 6.390643 -0.372237 4.258487 -2.995185 -3.291467 -5.030481 8.674043 4.667221 8.782156 3.113112 1.887709 5.495389 -7.898018 -7.596586 -8.163615 -3.381606 6.267264 7.648866 -7.139420 0.833298 5.930416 8.396011 1.000286 -4.236061 8.506547 -9.401452 2.622981 3.867806 7.231884 -0.124541 -5.266767 6.390525 0.359835 8.991720
7.054131 -8.669113 -5.518394 -2.249424 -8.731471 -5.381664 8.669118 -6.914489 -9.936570 -7.747403 -8.971803 5.970113 -6.116174 5.704692 0.573382 -5.439077 -4.606242 5.527542 -2.995185 -5.872441 9.418389 -6.333992 -5.273893 2.041370 7.533813 -8.042009 -8.083171 -7.732954 8.348516 2.276664 -8.741234 -8.256144 -0.654968 -4.779995 -6.186762 -8.919380 -2.036601 8.995733 -5.296082 -3.797817 6.280209 0.730629 -3.722649 -9.816921 3.024604 -5.998616 -3.053471 -3.848123 7.655834 2.105990
8.352814 -9.815796 -3.978495 1.733107 -5.017870 -7.430078 5.702512 2.240994 -0.248114 3.267250 0.882699 -6.762018 -4.278985 8.165698 -9.532065 1.773055 3.773481 -6.651855 -3.291467 9.418389 6.217210 6.145085 -0.830715 -7.505439 6.328164 -7.806111 -3.504055 -6.725308 -1.654234 -5.848221 5.380682 8.625202 -8.773998 1.152679 3.630745 0.341595 -5.541510 0.594278 -8.625982 -9.968654 -4.093673 -5.316896 6.862970 -7.037768 7.337222 8.914598 -6.168624 1.071961 -1.070375 -6.303748
7.162663 6.217947 -4.384794 2.615100 7.935147 4.953708 -1.059102 -3.489695 -5.199817 -2.662329 1.505890 -0.122490 4.764190 9.240327 -2.806213 -9.803479 -2.105629 -0.528515 -5.030481 -6.333992 6.145085 7.976108 5.913840 -2.669640 -9.061660 3.251063 -3.755042 -5.230284 -5.676976 5.174583 -1.534032 3.833641 -9.678581 -1.692696 2.513542 -2.037185 -5.523195 3.387333 -7.899843 -6.079002 -7.393110 -9.610722 8.745873 0.451648 9.904401 -5.276573 1.927151 -0.238880 5.159470 -6.003068
-4.983573 1.810562 8.369395 3.201827 -8.023739 -2.090386 -7.524650 -6.395655 -1.738739 7.804729 4.473742 -0.311743 -0.716472 5.111081 -0.954785 -2.339201 -0.422174 1.725774 8.674043 -5.273893 -0.830715 5.913840 -4.849571 1.598043 -2.727164 -4.945170 6.321470 9.199987 4.815949 1.480940 -6.803081 5.807805 7.107800 -4.830042 2.713502 0.065020 -1.918663 -7.129739 -0.732802 5.762432 7.350043 -6.356042 1.909495 -4.336533 8.342137 6.363862 -3.509568 -8.996869 -4.704967 -9.295269
-0.645544 0.396341 6.783374 5.073483 -2.920503 -1.439539 5.651798 0.846872 -2.656595 5.020516 2.367802 4.109752 7.429518 -9.704764 -9.929633 2.388570 7.886430 -9.297815 4.667221 2.041370 -7.505439 -2.669640 1.598043 -1.881116 -4.809433 5.973769 -5.517255 1.681000 6.976901 -0.222221 2.385731 -7.258817 -2.075018 -0.088350 3.655894 7.670228 4.710406 -0.374565 -6.263056 8.709148 -9.589075 -8.715401 -4.095190 -2.995780 5.940055 8.270429 -3.688982 -9.339470 8.717386 -1.511925
-1.115542 9.585918 5.516209 0.318558 8.825193 8.490810 0.604577 4.203376 -8.240030 0.213266 3.624766 -9.444465 -3.839739 7.591508 2.181182 -2.278849 9.470545 -7.530931 8.782156 7.533813 6.328164 -9.061660 -2.727164 -4.809433 8.668163 -6.137011 -5.221083 -5.020819 -5.476480 -6.503697 3.467256 9.171724 8.423078 -8.517568 1.451560 -8.531264 4.688176 9.705166 -1.002860 9.574919 -5.064328 -3.696678 6.847393 2.907361 1.534486 -5.968483 4.534944 4.435878 -4.073954 -4.212039
5.647502 0.666195 4.360156 -3.773005 7.862029 -8.214604 -6.034812 -2.327038 8.616691 3.694650 5.586062 -0.257153 9.380114 -0.397076 4.479720 -7.087176 -2.364553 9.293245 3.113112 -8.042009 -7.806111 3.251063 -4.945170 5.973769 -6.137011 -1.959805 1.190939 -9.909915 -7.523926 7.116986 -4.121954 -6.449712 -6.353290 -6.670050 2.547437 6.684923 9.450017 -4.592425 4.502052 -9.450735 -7.208766 5.815485 5.115768 9.346616 5.551996 1.164703 -2.646442 6.757243 -8.098186 5.065667
-3.450551 9.401275 6.594417 -9.795395 1.257117 -1.059935 4.318080 8.723892 5.980832 2.834672 2.623555 8.939793 0.684286 -1.531151 1.137812 6.364609 -0.169362 -4.399046 1.887709 -8.083171 -3.504055 -3.755042 6.321470 -5.517255 -5.221083 1.190939 -1.153577 -5.021686 0.639600 0.748237 -9.956019 7.599229 -7.037920 -2.242572 -8.935433 -7.664654 -8.973984 2.570100 2.899551 4.384689 -3.448294 -9.419258 3.621408 -5.916399 1.908643 6.188078 4.162932 9.921467 8.204765 -0.350161
-7.785137 3.653571 -6.083272 3.070874 -5.956196 0.877531 3.353986 4.265630 -7.167029 -8.694097 2.914028 -1.151502 -2.066487 5.813797 2.311906 -0.486635 0.153797 1.551973 5.495389 -7.732954 -6.725308 -5.230284 9.199987 1.681000 -5.020819 -9.909915 -5.021686 -8.679204 -1.345074 -8.242586 0.970635 1.091269 -7.471869 8.898613 1.857973 -9.019432 -5.548652 -3.492965 -1.720572 4.982398 1.795696 -3.673475 -4.442572 4.683586 -2.664298 -6.110114 8.636043 0.680225 -6.751639 5.158599
-7.478597 3.478305 0.551302 7.313833 -7.483978 -6.199293 8.791122 -5.939265 2.642689 1.056714 -4.258858 6.780844 4.835148 -6.270361 3.824535 -3.811625 9.429079 -5.424895 -7.898018 8.348516 -1.654234 -5.676976 4.815949 6.976901 -5.476480 -7.523926 0.639600 -1.345074 -4.203261 -1.289809 0.867700 2.721038 -4.298285 -0.899437 6.470153 0.057810 4.491289 -1.047273 7.966555 -8.797188 0.090226 -2.367287 8.884969 -7.681006 9.827003 5.465740 -3.594264 3.001862 6.497858 6.999512
1.535669 -8.923261 2.004758 6.379284 9.875674 -6.798086 2.149607 0.508438 -3.997071 3.156377 -8.548781 -7.234731 -0.756501 -8.687490 5.170484 -3.977290 8.502185 -0.568726 -7.596586 2.276664 -5.848221 5.174583 1.480940 -0.222221 -6.503697 7.116986 0.748237 -8.242586 -1.289809 8.682074 7.108600 6.900148 1.194449 6.497584 9.137109 -4.721232 2.959626 6.490584 -5.175082 -4.869231 9.640798 3.081258 -1.830388 5.512050 -2.960686 -9.690982 -2.146544 1.055180 -3.060286 -0.852412
0.058785 1.116723 9.390776 9.629435 0.995700 -2.768013 -0.450497 -7.836152 -7.252261 8.762878 -1.767457 3.228808 2.352228 9.420164 -4.184090 -8.718401 8.742273 7.025519 -8.163615 -8.741234 5.380682 -1.534032 -6.803081 2.385731 3.467256 -4.121954 -9.956019 0.970635 0.867700 7.108600 9.220603 -2.130524 6.232531 9.752549 0.522210 7.724228 3.987849 -7.382918 -8.599859 -1.667763 7.155953 -6.241872 9.785224 -1.405028 7.310565 -2.264204 9.171100 6.141769 -1.354007 -3.762189
-4.959532 3.344547 -1.926665 2.882278 4.920591 -2.915452 8.235391 9.117626 -0.245802 -1.517793 8.148819 -5.152962 -3.739704 -8.259819 -1.125957 -9.962692 5.783635 5.250723 -3.381606 -8.256144 8.625202 3.833641 5.807805 -7.258817 9.171724 -6.449712 7.599229 1.091269 2.721038 6.900148 -2.130524 7.241697 7.385103 -9.742237 3.776968 -3.717359 5.422641 4.088932 -0.300225 -9.339466 -0.767228 4.576219 -4.880971 2.246088 5.685195 -0.669926 -4.218386 4.518399 -2.471033 -8.065778
4.635120 -8.894982 -2.400697 8.575467 -9.772661 -7.554106 2.551057 7.995496 -1.733980 -6.770033 -6.453866 7.473444 1.040694 9.877185 7.368853 6.148747 8.946787 -2.964925 6.267264 -0.654968 -8.773998 -9.678581 7.107800 -2.075018 8.423078 -6.353290 -7.037920 -7.471869 -4.298285 1.194449 6.232531 7.385103 7.912500 -2.965862 -1.230963 8.288951 -5.819545 -1.185708 2.717553 -7.598595 -3.696646 -0.155703 -2.065200 -8.965887 -5.643855 3.725958 -0.458161 -4.849367 4.939757 2.138498
3.265251 -4.257462 1.082771 1.803203 0.562696 -8.478411 -9.301273 9.002964 -0.827188 -8.979963 0.888729 -0.884992 -3.351547 7.790722 8.560241 -9.756381 -2.472731 0.393436 7.648866 -4.779995 1.152679 -1.692696 -4.830042 -0.088350 -8.517568 -6.670050 -2.242572 8.898613 -0.899437 6.497584 9.752549 -9.742237 -2.965862 7.340012 -1.386358 -9.470010 -4.616541 0.084697 -9.339123 -6.715961 -3.170171 -5.355833 2.975974 3.600780 -3.460043 -0.297954 -0.859232 -3.275303 0.608572 3.495048
0.407475 8.227216 7.405930 -3.179882 -9.473014 2.344650 -4.410726 6.649866 0.470052 4.168962 -1.638776 -2.613026 -2.626300 -0.965749 9.034632 -7.068543 9.798989 5.504168 -7.139420 -6.186762 3.630745 2.513542 2.713502 3.655894 1.451560 2.547437 -8.935433 1.857973 6.470153 9.137109 0.522210 3.776968 -1.230963 -1.386358 -2.140828 -1.180061 1.389821 7.335488 8.947865 -1.532166 9.065173 -1.015762 8.917929 -1.306879 5.743149 -3.291963 -3.065288 -6.967950 9.881604 5.261001
8.097413 0.487753 3.590190 7.555025 5.652488 -1.230629 -8.487032 -8.865648 -8.624017 -9.353038 -9.338436 -5.450579 -3.052359 5.871378 9.862458 -3.654849 1.779960 -7.474695 0.833298 -8.919380 0.341595 -2.037185 0.065020 7.670228 -8.531264 6.684923 -7.664654 -9.019432 0.057810 -4.721232 7.724228 -3.717359 8.288951 -9.470010 -1.180061 1.487009 8.793666 1.107836 6.395424 5.865345 9.676112 1.048038 -5.670264 3.729979 -0.638647 -1.660480 5.643017 6.494608 -6.260874 4.891543
-3.449874 -0.747188 -7.639315 9.493180 -9.551751 4.636385 0.338760 -3.553342 -0.198739 -4.962835 -6.241819 8.625973 -8.499787 -7.678459 -1.103920 1.386821 -5.966584 -6.768102 5.930416 -2.036601 -5.541510 -5.523195 -1.918663 4.710406 4.688176 9.450017 -8.973984 -5.548652 4.491289 2.959626 3.987849 5.422641 -5.819545 -4.616541 1.389821 8.793666 -6.023516 -1.572601 1.927010 8.130079 0.717547 -8.812641 -8.513792 7.830081 6.161925 -5.538013 3.340774 -7.376499 -3.768568 9.959304
-1.425988 8.757387 7.404720 5.118114 2.360377 5.466781 4.728552 8.147295 8.858868 8.472408 2.268279 -4.487029 8.229952 5.708435 8.798145 -9.694676 -3.272832 -6.606940 8.396011 8.995733 0.594278 3.387333 -7.129739 -0.374565 9.705166 -4.592425 2.570100 -3.492965 -1.047273 6.490584 -7.382918 4.088932 -1.185708 0.084697 7.335488 1.107836 -1.572601 -6.712866 6.387757 -0.518724 -4.299940 -3.434277 -8.013343 0.449710 8.393426 8.256459 5.177168 -7.737200 8.502745 -1.667975
-8.869498 -3.580064 8.982351 3.129000 1.282241 -3.650036 9.414943 8.591288 3.209838 4.044789 0.611666 -5.751048 -8.205620 -7.450144 0.824912 -2.320632 -9.022259 -2.153826 1.000286 -5.296082 -8.625982 -7.899843 -0.732802 -6.263056 -1.002860 4.502052 2.899551 -1.720572 7.966555 -5.175082 -8.599859 -0.300225 2.717553 -9.339123 8.947865 6.395424 1.927010 6.387757 5.658498 -6.149737 5.155597 -2.719265 -2.196997 -9.636967 3.325186 3.012253 -3.794324 9.622600 -4.243424 5.335454
-5.415095 4.977948 -2.707831 1.099885 -6.595324 1.794985 0.856326 -2.755663 -5.304661 1.887264 7.933536 -8.949033 -4.799528 4.785872 5.045716 4.841930 0.052929 -3.775843 -4.236061 -3.797817 -9.968654 -6.079002 5.762432 8.709148 9.574919 -9.450735 4.384689 4.982398 -8.797188 -4.869231 -1.667763 -9.339466 -7.598595 -6.715961 -1.532166 5.865345 8.130079 -0.518724 -6.149737 -0.145087 -3.856029 -8.519997 4.545206 -6.779622 4.965181 -9.771330 -6.693982 -6.957387 -9.187780 4.589488
-0.855581 -8.191039 0.881815 3.967413 -8.492400 -8.895066 -2.331462 8.435846 1.308418 5.418543 -2.767952 -0.619889 -4.132953 7.217768 -7.708703 1.503728 9.843722 0.711031 8.506547 6.280209 -4.093673 -7.393110 7.350043 -9.589075 -5.064328 -7.208766 -3.448294 1.795696 0.090226 9.640798 7.155953 -0.767228 -3.696646 -3.170171 9.065173 9.676112 0.717547 -4.299940 5.155597 -3.856029 -7.946855 -3.717100 3.377637 4.426877 9.008280 -8.932184 -5.368505 -7.084091 -7.288646 1.869982
0.479676 3.887789 -4.548749 -9.292268 -6.708722 -6.193769 -9.481166 -1.802169 5.552132 3.445545 3.718144 -4.600298 9.406389 8.471833 -6.900124 -5.815932 6.198232 1.669228 -9.401452 0.730629 -5.316896 -9.610722 -6.356042 -8.715401 -3.696678 5.815485 -9.419258 -3.673475 -2.367287 3.081258 -6.241872 4.576219 -0.155703 -5.355833 -1.015762 1.048038 -8.812641 -3.434277 -2.719265 -8.519997 -3.717100 1.099100 -6.757606 7.879215 7.040014 5.031764 -2.945843 2.794353 0.178685 2.180733
0.212137 0.761869 -6.659624 -7.902633 -4.009461 9.949286 8.605878 7.591519 -8.246735 -8.514898 0.871770 1.708503 -7.870462 9.602432 -9.384484 -5.887051 7.354040 -2.041312 2.622981 -3.722649 6.862970 8.745873 1.909495 -4.095190 6.847393 5.115768 3.621408 -4.442572 8.884969 -1.830388 9.785224 -4.880971 -2.065200 2.975974 8.917929 -5.670264 -8.513792 -8.013343 -2.196997 4.545206 3.377637 -6.757606 -6.315716 9.387208 2.886341 2.358015 -2.585173 -2.910989 -3.752464 8.620294
-6.632029 -0.098997 7.703458 -9.109953 -6.462898 -8.336321 -2.306929 6.959787 -7.124405 -7.881123 0.678025 1.396070 8.351181 -5.012604 -2.475370 1.576174 2.997584 3.812638 3.867806 -9.816921 -7.037768 0.451648 -4.336533 -2.995780 2.907361 9.346616 -5.916399 4.683586 -7.681006 5.512050 -1.405028 2.246088 -8.965887 3.600780 -1.306879 3.729979 7.830081 0.449710 -9.636967 -6.779622 4.426877 7.879215 9.387208 -0.112220 -7.578589 -8.350522 -2.971303 -7.954037 6.458525 -7.167365
8.855632 5.990761 3.025168 5.885768 3.875782 -8.510162 -5.931382 0.355430 5.889921 -8.887679 -9.945410 0.096586 4.491842 -4.565496 5.252025 8.057621 -2.432529 4.439069 7.231884 3.024604 7.337222 9.904401 8.342137 5.940055 1.534486 5.551996 1.908643 -2.664298 9.827003 -2.960686 7.310565 5.685195 -5.643855 -3.460043 5.743149 -0.638647 6.161925 8.393426 3.325186 4.965181 9.008280 7.040014 2.886341 -7.578589 2.894746 7.024739 7.983027 -9.507182 2.398154 -1.231442
-0.995066 9.811042 -4.868878 -5.822380 -9.620396 8.666282 -2.122980 -1.362572 7.814156 -9.744247 -5.169959 3.254768 -1.826387 1.067445 -6.023962 1.944208 -5.101231 7.220488 -0.124541 -5.998616 8.914598 -5.276573 6.363862 8.270429 -5.968483 1.164703 6.188078 -6.110114 5.465740 -9.690982 -2.264204 -0.669926 3.725958 -0.297954 -3.291963 -1.660480 -5.538013 8.256459 3.012253 -9.771330 -8.932184 5.031764 2.358015 -8.350522 7.024739 -0.449733 0.949634 6.261882 0.787968 -1.307135
4.067652 -1.599481 -7.247684 -4.781389 2.386722 -7.250591 -9.937746 -8.926999 1.092637 9.289262 -1.707037 -8.226747 8.222289 -9.869276 -8.207786 0.683252 -0.917097 6.713233 -5.266767 -3.053471 -6.168624 1.927151 -3.509568 -3.688982 4.534944 -2.646442 4.162932 8.636043 -3.594264 -2.146544 9.171100 -4.218386 -0.458161 -0.859232 -3.065288 5.643017 3.340774 5.177168 -3.794324 -6.693982 -5.368505 -2.945843 -2.585173 -2.971303 7.983027 0.949634 7.148117 -0.234288 9.236632 5.298555
-7.187889 6.191146 1.086838 -5.346007 -7.984689 4.825933 6.387772 4.025998 7.362064 0.155080 -2.962003 5.455034 4.126716 9.344816 -6.724449 1.793632 -4.718140 -1.011130 6.390525 -3.848123 1.071961 -0.238880 -8.996869 -9.339470 4.435878 6.757243 9.921467 0.680225 3.001862 1.055180 6.141769 4.518399 -4.849367 -3.275303 -6.967950 6.494608 -7.376499 -7.737200 9.622600 -6.957387 -7.084091 2.794353 -2.910989 -7.954037 -9.507182 6.261882 -0.234288 -7.854182 -4.875321 5.062524
-8.324536 5.410341 6.174679 -1.381442 4.261849 7.831528 1.784546 0.022097 -9.678295 -1.172336 -6.174524 8.559213 2.843660 -5.967329 -0.341899 -1.328453 -6.169680 0.515705 0.359835 7.655834 -1.070375 5.159470 -4.704967 8.717386 -4.073954 -8.098186 8.204765 -6.751639 6.497858 -3.060286 -1.354007 -2.471033 4.939757 0.608572 9.881604 -6.260874 -3.768568 8.502745 -4.243424 -9.187780 -7.288646 0.178685 -3.752464 6.458525 2.398154 0.787968 9.236632 -4.875321 -3.864802 -1.150105
7.463152 5.474048 -3.441439 -3.048104 6.354456 6.195516 -2.101782 9.914768 7.456975 5.318515 -5.619690 -5.581285 -6.393633 3.504004 1.768233 -1.411524 -4.526454 -3.659004 8.991720 2.105990 -6.303748 -6.003068 -9.295269 -1.511925 -4.212039 5.065667 -0.350161 5.158599 6.999512 -0.852412 -3.762189 -8.065778 2.138498 3.495048 5.261001 4.891543 9.959304 -1.667975 5.335454 4.589488 1.869982 2.180733 8.620294 -7.167365 -1.231442 -1.307135 5.298555 5.062524 -1.150105 -2.739924
