
Input file: input/5x5_symmetric

A =
    7.5431    -6.9605     5.3938     6.1428     9.0157 
   -6.9605    -1.3556     8.3287    -4.5111    -5.7096 
    5.3938     8.3287     5.1765    -6.9538     2.5980 
    6.1428    -4.5111    -6.9538     5.3010     9.9611 
    9.0157    -5.7096     2.5980     9.9611     1.7685 

Matrix A is symmetric

Householder transformation: (results in a tridiagonal matrix)

HH =
    7.5431    14.0199     0.0000     0.0000     0.0000 
   14.0199     9.1621     9.3544     0.0000     0.0000 
    0.0000     9.3544     4.6695    11.1221     0.0000 
    0.0000     0.0000    11.1221     1.4696     5.6292 
    0.0000     0.0000     0.0000     5.6292    -4.4108 

QR decomposition of HH matrix...

HH =
   25.6331     0.0000    -0.0000    -0.0000    -0.0000 
    0.0000     6.7181    11.6810    -0.0000     0.0000 
   -0.0000    11.6810    -6.3924    -0.0000     0.0000 
   -0.0000    -0.0000    -0.0000    -6.8374     0.0000 
   -0.0000    -0.0000     0.0000     0.0000    -0.6879 

Q =
    1.0000     0.0000     0.0000     0.0000     0.0000 
    0.0000     0.4801     0.8772    -0.0000    -0.0000 
    0.0000    -0.8772     0.4801    -0.0000    -0.0000 
    0.0000    -0.0000     0.0000     1.0000     0.0000 
    0.0000    -0.0000     0.0000    -0.0000     1.0000 

Eigenvalues diagonal matrix:

R =
   25.6331    -0.0000    -0.0000    -0.0000    -0.0000 
    0.0000    13.4721    -0.2857    -0.0000     0.0000 
   -0.0000     0.0000   -13.3157    -0.0000     0.0000 
   -0.0000     0.0000     0.0000    -6.8374     0.0000 
   -0.0000     0.0000     0.0000     0.0000    -0.6879 

Eigenvalues of matrix A:

   25.6331 
   13.4721 
  -13.3157 
   -6.8374 
   -0.6879 

real	0m0.005s
user	0m0.005s
sys	0m0.000s

Input file: input/10x10_symmetric

A =
   -5.4709    -5.4516    -3.5965    -0.2675    -0.7134     3.8015    -9.9327     4.8569     7.1076    -2.3423 
   -5.4516    -2.5878     9.3532     8.6883    -9.7079     4.1077    -0.9421     0.7391     4.2739    -3.9037 
   -3.5965     9.3532     0.2454    -6.7358    -6.2365    -5.8335    -6.6859     2.5578     4.7832     9.1292 
   -0.2675     8.6883    -6.7358    -2.2102    -0.9552     2.9642    -8.4087    -0.8879    -2.1790     8.6989 
   -0.7134    -9.7079    -6.2365    -0.9552     1.5434    -3.5968     0.2307    -9.3987     7.1423    -5.4954 
    3.8015     4.1077    -5.8335     2.9642    -3.5968     1.2160    -8.8905     6.5592    -6.2262     5.8927 
   -9.9327    -0.9421    -6.6859    -8.4087     0.2307    -8.8905     2.3302     4.5412     3.3619    -9.8487 
    4.8569     0.7391     2.5578    -0.8879    -9.3987     6.5592     4.5412     6.4854    -4.8489    -7.1034 
    7.1076     4.2739     4.7832    -2.1790     7.1423    -6.2262     3.3619    -4.8489    -7.3184    -6.5677 
   -2.3423    -3.9037     9.1292     8.6989    -5.4954     5.8927    -9.8487    -7.1034    -6.5677     8.6106 

Matrix A is symmetric

Householder transformation: (results in a tridiagonal matrix)

HH =
   -5.4709    15.3603     0.0000     0.0000     0.0000     0.0000     0.0000     0.0000     0.0000     0.0000 
   15.3603    -7.8407    11.0407     0.0000     0.0000     0.0000     0.0000     0.0000     0.0000     0.0000 
    0.0000    11.0407     1.2690   -13.9178     0.0000     0.0000     0.0000     0.0000     0.0000     0.0000 
    0.0000     0.0000   -13.9178    11.9608    13.7182     0.0000     0.0000     0.0000     0.0000     0.0000 
    0.0000     0.0000     0.0000    13.7182    12.2629    16.3606     0.0000     0.0000     0.0000     0.0000 
    0.0000     0.0000     0.0000     0.0000    16.3606   -16.2705     7.4759     0.0000     0.0000     0.0000 
    0.0000     0.0000     0.0000     0.0000     0.0000     7.4759    -7.8992    -6.1781     0.0000     0.0000 
    0.0000     0.0000     0.0000     0.0000     0.0000     0.0000    -6.1781     9.4666    -9.0621     0.0000 
    0.0000     0.0000     0.0000     0.0000     0.0000     0.0000     0.0000    -9.0621     9.7827    -8.6010 
    0.0000     0.0000     0.0000     0.0000     0.0000     0.0000     0.0000     0.0000    -8.6010    -4.4171 

QR decomposition of HH matrix...

HH =
   32.2273     0.0749    -0.0000    -0.0000    -0.0000     0.0000     0.0000     0.0000     0.0000     0.0000 
    0.0749   -27.4818     0.0920     0.0000    -0.0000    -0.0000    -0.0000    -0.0000     0.0000    -0.0000 
   -0.0000     0.0920   -25.1733    -0.0004     0.0000    -0.0000    -0.0000    -0.0000    -0.0000     0.0000 
   -0.0000     0.0000    -0.0004    20.9005     0.0002    -0.0000     0.0000    -0.0000    -0.0000     0.0000 
    0.0000    -0.0000     0.0000     0.0002    15.8637     0.0000    -0.0000    -0.0000    -0.0000    -0.0000 
    0.0000    -0.0000     0.0000    -0.0000     0.0000   -10.7266     0.0005     0.0000    -0.0000    -0.0000 
    0.0000    -0.0000     0.0000    -0.0000    -0.0000     0.0005    -9.0666    -0.0017    -0.0000     0.0000 
    0.0000    -0.0000     0.0000    -0.0000    -0.0000     0.0000    -0.0017     7.2557     0.0006     0.0000 
    0.0000    -0.0000     0.0000    -0.0000    -0.0000     0.0000    -0.0000     0.0006    -6.2700    -0.0026 
    0.0000    -0.0000     0.0000    -0.0000    -0.0000     0.0000    -0.0000     0.0000    -0.0026     5.3149 

Q =
    1.0000     0.0027     0.0000     0.0000    -0.0000    -0.0000    -0.0000    -0.0000    -0.0000    -0.0000 
   -0.0027     1.0000     0.0037     0.0000    -0.0000    -0.0000    -0.0000    -0.0000    -0.0000    -0.0000 
    0.0000    -0.0037     1.0000     0.0000    -0.0000    -0.0000    -0.0000    -0.0000    -0.0000    -0.0000 
   -0.0000    -0.0000    -0.0000     1.0000    -0.0000    -0.0000    -0.0000    -0.0000    -0.0000    -0.0000 
    0.0000     0.0000    -0.0000     0.0000     1.0000     0.0000     0.0000     0.0000     0.0000     0.0000 
   -0.0000    -0.0000     0.0000    -0.0000    -0.0000     1.0000     0.0001     0.0000     0.0000     0.0000 
   -0.0000    -0.0000     0.0000    -0.0000    -0.0000    -0.0001     1.0000     0.0002     0.0000     0.0000 
    0.0000     0.0000    -0.0000     0.0000     0.0000     0.0000    -0.0002     1.0000     0.0001     0.0000 
   -0.0000    -0.0000     0.0000    -0.0000    -0.0000    -0.0000     0.0000    -0.0001     1.0000     0.0005 
   -0.0000    -0.0000     0.0000    -0.0000    -0.0000    -0.0000     0.0000    -0.0000     0.0005    -1.0000 

Eigenvalues diagonal matrix:

R =
   32.2274    -0.0129    -0.0003    -0.0000    -0.0000     0.0000     0.0000     0.0000     0.0000    -0.0000 
   -0.0000   -27.4814     0.1923    -0.0000    -0.0000    -0.0000    -0.0000    -0.0000     0.0000     0.0000 
   -0.0000    -0.0000   -25.1735     0.0001    -0.0000    -0.0000    -0.0000    -0.0000    -0.0000    -0.0000 
   -0.0000     0.0000    -0.0000    20.9005     0.0004    -0.0000     0.0000    -0.0000    -0.0000    -0.0000 
    0.0000    -0.0000     0.0000     0.0000    15.8637    -0.0000    -0.0000    -0.0000    -0.0000     0.0000 
    0.0000    -0.0000     0.0000    -0.0000    -0.0000   -10.7266     0.0011    -0.0000    -0.0000     0.0000 
    0.0000    -0.0000     0.0000    -0.0000    -0.0000    -0.0000    -9.0666     0.0004     0.0000    -0.0000 
    0.0000     0.0000     0.0000    -0.0000    -0.0000    -0.0000    -0.0000     7.2557    -0.0001     0.0000 
    0.0000    -0.0000     0.0000    -0.0000    -0.0000    -0.0000    -0.0000     0.0000    -6.2700    -0.0005 
    0.0000     0.0000     0.0000    -0.0000    -0.0000    -0.0000    -0.0000    -0.0000     0.0000    -5.3149 

Eigenvalues of matrix A:

   32.2274 
  -27.4814 
  -25.1735 
   20.9005 
   15.8637 
  -10.7266 
   -9.0666 
    7.2557 
   -6.2700 
   -5.3149 

real	0m0.034s
user	0m0.026s
sys	0m0.008s

Input file: input/20x20_symmetric

A =
    9.4176     9.5019    -6.9382     9.8154     9.5672     2.9586    -8.4930    -3.1069     6.3090    -5.9535     8.2468     0.2502     2.3390    -3.8195     4.5448     0.3724    -6.5240    -4.8464    -9.7375     6.4662 
    9.5019    -9.2056    -2.6215     5.7680    -7.3295     7.7825    -6.9317     7.2905    -7.1663    -9.0920     4.3845    -7.7487    -9.5901     7.4463    -7.9333     9.9771     0.4049    -6.4263    -3.1298    -3.2861 
   -6.9382    -2.6215     6.9641     9.9592     1.2976     1.5089     0.3316     4.7736     6.6626     0.5942     1.2397     4.7454     1.3886     8.6182     0.5134     4.0591     6.4007     3.5817     1.3496     9.2344 
    9.8154     5.7680     9.9592     4.8997    -6.8196    -6.4476     4.8768     3.5854    -2.8739    -8.2530    -9.7007     4.7464    -3.1359     7.2634     4.7056     8.1617    -1.2277    -4.9628     2.9352    -4.5651 
    9.5672    -7.3295     1.2976    -6.8196    -7.2069     0.6938    -8.9210     9.1938    -5.7245     2.4286     8.4282     8.7653     8.1628     9.9139     3.6649    -8.6568    -6.5337    -1.4583     4.9285     0.5924 
    2.9586     7.7825     1.5089    -6.4476     0.6938    -9.9557     5.3145    -8.7364    -4.9185    -1.7503    -3.3015    -9.2871     2.4247    -3.1212    -2.2671     5.2178     7.5725    -1.1881     4.4116    -8.1519 
   -8.4930    -6.9317     0.3316     4.8768    -8.9210     5.3145    -9.2535     6.2199    -7.1800     5.6750    -3.1877     3.1087     0.9029     2.1511     0.2616    -6.6059     2.1954    -4.4239    -5.3423     7.2769 
   -3.1069     7.2905     4.7736     3.5854     9.1938    -8.7364     6.2199     5.8075     4.5347     5.8799     7.6555     5.7752    -1.2803     8.2688     5.1785    -8.5266     2.5471     5.9250     7.6933     5.3670 
    6.3090    -7.1663     6.6626    -2.8739    -5.7245    -4.9185    -7.1800     4.5347    -5.6867     0.5546    -3.8709     8.1391    -8.0893    -5.8811    -5.6105    -9.8543    -0.1583    -4.1422     5.9531    -5.6237 
   -5.9535    -9.0920     0.5942    -8.2530     2.4286    -1.7503     5.6750     5.8799     0.5546    -0.3758     9.7915    -7.1449     4.1298    -1.7328    -4.6420     0.7865    -2.9955     1.2550     9.6387     1.3178 
    8.2468     4.3845     1.2397    -9.7007     8.4282    -3.3015    -3.1877     7.6555    -3.8709     9.7915    -5.8954    -8.5580     3.4277    -5.7438     1.8994    -4.6948     9.5863    -6.1698    -0.2703     0.8414 
    0.2502    -7.7487     4.7454     4.7464     8.7653    -9.2871     3.1087     5.7752     8.1391    -7.1449    -8.5580     2.1190    -6.2229    -4.4324     5.8393     3.6638     9.4141     9.7053     3.3921     9.1183 
    2.3390    -9.5901     1.3886    -3.1359     8.1628     2.4247     0.9029    -1.2803    -8.0893     4.1298     3.4277    -6.2229     7.5082    -4.1230     7.3285     5.2966    -5.0686     5.6993    -9.9105     5.2408 
   -3.8195     7.4463     8.6182     7.2634     9.9139    -3.1212     2.1511     8.2688    -5.8811    -1.7328    -5.7438    -4.4324    -4.1230    -9.1394     5.3809    -6.2088     3.3203     3.6382    -4.8696    -0.3897 
    4.5448    -7.9333     0.5134     4.7056     3.6649    -2.2671     0.2616     5.1785    -5.6105    -4.6420     1.8994     5.8393     7.3285     5.3809    -6.4231     2.4878     3.9192     4.7264     3.6698     6.8236 
    0.3724     9.9771     4.0591     8.1617    -8.6568     5.2178    -6.6059    -8.5266    -9.8543     0.7865    -4.6948     3.6638     5.2966    -6.2088     2.4878     0.7270     3.7990    -6.5398     8.8465    -3.8186 
   -6.5240     0.4049     6.4007    -1.2277    -6.5337     7.5725     2.1954     2.5471    -0.1583    -2.9955     9.5863     9.4141    -5.0686     3.3203     3.9192     3.7990     7.5553     6.2478     1.8091    -4.1731 
   -4.8464    -6.4263     3.5817    -4.9628    -1.4583    -1.1881    -4.4239     5.9250    -4.1422     1.2550    -6.1698     9.7053     5.6993     3.6382     4.7264    -6.5398     6.2478     6.0810    -4.4322    -4.6357 
   -9.7375    -3.1298     1.3496     2.9352     4.9285     4.4116    -5.3423     7.6933     5.9531     9.6387    -0.2703     3.3921    -9.9105    -4.8696     3.6698     8.8465     1.8091    -4.4322     1.9746    -5.7667 
    6.4662    -3.2861     9.2344    -4.5651     0.5924    -8.1519     7.2769     5.3670    -5.6237     1.3178     0.8414     9.1183     5.2408    -0.3897     6.8236    -3.8186    -4.1731    -4.6357    -5.7667    -8.0941 

Matrix A is symmetric

Householder transformation: (results in a tridiagonal matrix)

HH =
    9.4176   -28.3494     0.0000     0.0000     0.0000     0.0000     0.0000     0.0000     0.0000     0.0000     0.0000     0.0000     0.0000     0.0000     0.0000     0.0000     0.0000     0.0000     0.0000     0.0000 
  -28.3494    -6.8496   -22.0401     0.0000     0.0000     0.0000     0.0000     0.0000     0.0000     0.0000     0.0000     0.0000     0.0000     0.0000     0.0000     0.0000     0.0000     0.0000     0.0000     0.0000 
    0.0000   -22.0401    -5.4670   -21.5579     0.0000     0.0000     0.0000     0.0000     0.0000     0.0000     0.0000     0.0000     0.0000     0.0000     0.0000     0.0000     0.0000     0.0000     0.0000     0.0000 
    0.0000     0.0000   -21.5579    11.6825   -25.2984     0.0000     0.0000     0.0000     0.0000     0.0000     0.0000     0.0000     0.0000     0.0000     0.0000     0.0000     0.0000     0.0000     0.0000     0.0000 
    0.0000     0.0000     0.0000   -25.2984    -8.3132    25.0720     0.0000     0.0000     0.0000     0.0000     0.0000     0.0000     0.0000     0.0000     0.0000     0.0000     0.0000     0.0000     0.0000     0.0000 
    0.0000     0.0000     0.0000     0.0000    25.0720     4.1173    15.9663     0.0000     0.0000     0.0000     0.0000     0.0000     0.0000     0.0000     0.0000     0.0000     0.0000     0.0000     0.0000     0.0000 
    0.0000     0.0000     0.0000     0.0000     0.0000    15.9663   -10.7789    21.8325     0.0000     0.0000     0.0000     0.0000     0.0000     0.0000     0.0000     0.0000     0.0000     0.0000     0.0000     0.0000 
    0.0000     0.0000     0.0000     0.0000     0.0000     0.0000    21.8325    -7.0808   -23.6145     0.0000     0.0000     0.0000     0.0000     0.0000     0.0000     0.0000     0.0000     0.0000     0.0000     0.0000 
    0.0000     0.0000     0.0000     0.0000     0.0000     0.0000     0.0000   -23.6145     2.1309   -18.1322     0.0000     0.0000     0.0000     0.0000     0.0000     0.0000     0.0000     0.0000     0.0000     0.0000 
    0.0000     0.0000     0.0000     0.0000     0.0000     0.0000     0.0000     0.0000   -18.1322     3.2017   -21.2623     0.0000     0.0000     0.0000     0.0000     0.0000     0.0000     0.0000     0.0000     0.0000 
    0.0000     0.0000     0.0000     0.0000     0.0000     0.0000     0.0000     0.0000     0.0000   -21.2623     8.1107    15.9482     0.0000     0.0000     0.0000     0.0000     0.0000     0.0000     0.0000     0.0000 
    0.0000     0.0000     0.0000     0.0000     0.0000     0.0000     0.0000     0.0000     0.0000     0.0000    15.9482    -1.4675    16.0842     0.0000     0.0000     0.0000     0.0000     0.0000     0.0000     0.0000 
    0.0000     0.0000     0.0000     0.0000     0.0000     0.0000     0.0000     0.0000     0.0000     0.0000     0.0000    16.0842   -10.0702   -10.8755     0.0000     0.0000     0.0000     0.0000     0.0000     0.0000 
    0.0000     0.0000     0.0000     0.0000     0.0000     0.0000     0.0000     0.0000     0.0000     0.0000     0.0000     0.0000   -10.8755   -13.2156    14.4395     0.0000     0.0000     0.0000     0.0000     0.0000 
    0.0000     0.0000     0.0000     0.0000     0.0000     0.0000     0.0000     0.0000     0.0000     0.0000     0.0000     0.0000     0.0000    14.4395    -5.3331   -15.4087     0.0000     0.0000     0.0000     0.0000 
    0.0000     0.0000     0.0000     0.0000     0.0000     0.0000     0.0000     0.0000     0.0000     0.0000     0.0000     0.0000     0.0000     0.0000   -15.4087    -0.5043     6.9058     0.0000     0.0000     0.0000 
    0.0000     0.0000     0.0000     0.0000     0.0000     0.0000     0.0000     0.0000     0.0000     0.0000     0.0000     0.0000     0.0000     0.0000     0.0000     6.9058    -0.6634    -6.6778     0.0000     0.0000 
    0.0000     0.0000     0.0000     0.0000     0.0000     0.0000     0.0000     0.0000     0.0000     0.0000     0.0000     0.0000     0.0000     0.0000     0.0000     0.0000    -6.6778     0.3840     8.2520     0.0000 
    0.0000     0.0000     0.0000     0.0000     0.0000     0.0000     0.0000     0.0000     0.0000     0.0000     0.0000     0.0000     0.0000     0.0000     0.0000     0.0000     0.0000     8.2520    10.3175   -13.3762 
    0.0000     0.0000     0.0000     0.0000     0.0000     0.0000     0.0000     0.0000     0.0000     0.0000     0.0000     0.0000     0.0000     0.0000     0.0000     0.0000     0.0000     0.0000   -13.3762     2.1991 

QR decomposition of HH matrix...

HH =
  -35.0556    29.1194    -0.0000     0.0000     0.0000     0.0000     0.0000    -0.0000    -0.0000    -0.0000    -0.0000    -0.0000     0.0000     0.0000     0.0000    -0.0000    -0.0000     0.0000     0.0000    -0.0000 
   29.1194    33.8087     0.1385    -0.0000    -0.0000    -0.0000     0.0000     0.0000    -0.0000     0.0000    -0.0000     0.0000    -0.0000     0.0000     0.0000     0.0000    -0.0000    -0.0000     0.0000     0.0000 
   -0.0000     0.1385   -41.4934     1.5159     0.0000     0.0000     0.0000    -0.0000    -0.0000    -0.0000    -0.0000    -0.0000     0.0000     0.0000     0.0000    -0.0000    -0.0000     0.0000     0.0000    -0.0000 
    0.0000    -0.0000     1.5159    38.6948    -0.0936    -0.0000    -0.0000    -0.0000    -0.0000    -0.0000    -0.0000     0.0000     0.0000    -0.0000     0.0000    -0.0000    -0.0000     0.0000     0.0000    -0.0000 
   -0.0000     0.0000    -0.0000    -0.0936   -11.1247    32.4070     0.0000     0.0000    -0.0000     0.0000     0.0000     0.0000    -0.0000     0.0000     0.0000     0.0000     0.0000    -0.0000    -0.0000     0.0000 
    0.0000    -0.0000     0.0000     0.0000    32.4070    10.6235     0.1879    -0.0000     0.0000     0.0000     0.0000     0.0000    -0.0000    -0.0000    -0.0000    -0.0000    -0.0000     0.0000    -0.0000    -0.0000 
    0.0000    -0.0000     0.0000     0.0000     0.0000     0.1879   -32.9897    -0.0187    -0.0000    -0.0000     0.0000    -0.0000     0.0000     0.0000     0.0000    -0.0000     0.0000    -0.0000    -0.0000     0.0000 
    0.0000    -0.0000     0.0000     0.0000     0.0000    -0.0000    -0.0187    26.6265    -0.8042     0.0000    -0.0000     0.0000    -0.0000    -0.0000    -0.0000    -0.0000    -0.0000     0.0000     0.0000    -0.0000 
   -0.0000     0.0000    -0.0000    -0.0000    -0.0000     0.0000    -0.0000    -0.8042   -25.9100     0.0018    -0.0000     0.0000    -0.0000     0.0000    -0.0000    -0.0000     0.0000     0.0000    -0.0000     0.0000 
    0.0000    -0.0000     0.0000     0.0000     0.0000    -0.0000     0.0000     0.0000     0.0018    22.5425    -0.2646    -0.0000     0.0000    -0.0000     0.0000     0.0000     0.0000    -0.0000    -0.0000    -0.0000 
   -0.0000     0.0000    -0.0000    -0.0000    -0.0000     0.0000    -0.0000    -0.0000    -0.0000    -0.2646   -18.7305     4.0158     0.0000     0.0000    -0.0000     0.0000     0.0000    -0.0000    -0.0000    -0.0000 
   -0.0000    -0.0000     0.0000     0.0000     0.0000    -0.0000     0.0000     0.0000     0.0000     0.0000     4.0158    18.0051     0.0641     0.0000     0.0000    -0.0000     0.0000    -0.0000    -0.0000     0.0000 
   -0.0000    -0.0000    -0.0000     0.0000    -0.0000     0.0000    -0.0000    -0.0000    -0.0000    -0.0000     0.0000     0.0641    17.1676     0.0000     0.0000    -0.0000     0.0000     0.0000    -0.0000     0.0000 
   -0.0000     0.0000    -0.0000     0.0000    -0.0000     0.0000    -0.0000    -0.0000    -0.0000    -0.0000    -0.0000     0.0000     0.0000   -12.3152     0.0015     0.0000    -0.0000     0.0000     0.0000     0.0000 
   -0.0000     0.0000    -0.0000    -0.0000    -0.0000     0.0000    -0.0000    -0.0000    -0.0000    -0.0000     0.0000     0.0000     0.0000     0.0015   -10.4428     0.4479    -0.0000    -0.0000    -0.0000     0.0000 
    0.0000    -0.0000     0.0000     0.0000     0.0000    -0.0000     0.0000     0.0000     0.0000     0.0000     0.0000    -0.0000    -0.0000     0.0000     0.4479     9.6493     0.0002     0.0000     0.0000     0.0000 
    0.0000    -0.0000     0.0000     0.0000     0.0000    -0.0000     0.0000     0.0000     0.0000     0.0000    -0.0000    -0.0000    -0.0000     0.0000    -0.0000     0.0002    -7.7988     0.0000    -0.0000     0.0000 
   -0.0000     0.0000    -0.0000    -0.0000    -0.0000     0.0000    -0.0000    -0.0000    -0.0000    -0.0000    -0.0000     0.0000     0.0000    -0.0000     0.0000     0.0000     0.0000     5.6688     0.0000     0.0000 
   -0.0000     0.0000    -0.0000    -0.0000    -0.0000     0.0000    -0.0000    -0.0000    -0.0000    -0.0000    -0.0000     0.0000     0.0000    -0.0000     0.0000     0.0000    -0.0000     0.0000    -3.8966     0.0000 
    0.0000    -0.0000     0.0000     0.0000     0.0000    -0.0000     0.0000     0.0000     0.0000     0.0000     0.0000    -0.0000    -0.0000     0.0000    -0.0000    -0.0000     0.0000    -0.0000     0.0000    -1.2117 

Q =
    0.7577    -0.6526    -0.0022     0.0001    -0.0000     0.0000     0.0000     0.0000    -0.0000     0.0000    -0.0000     0.0000    -0.0000    -0.0000    -0.0000     0.0000     0.0000    -0.0000    -0.0000     0.0000 
    0.6526     0.7577     0.0025    -0.0001     0.0000    -0.0000    -0.0000    -0.0000     0.0000    -0.0000     0.0000    -0.0000     0.0000     0.0000     0.0000    -0.0000    -0.0000     0.0000     0.0000    -0.0000 
    0.0000    -0.0033     0.9992    -0.0391     0.0000    -0.0001    -0.0000    -0.0000     0.0000    -0.0000     0.0000    -0.0000     0.0000     0.0000     0.0000    -0.0000    -0.0000     0.0000     0.0000    -0.0000 
    0.0000    -0.0000     0.0391     0.9992    -0.0009     0.0026     0.0000     0.0000    -0.0000     0.0000    -0.0000     0.0000    -0.0000    -0.0000    -0.0000     0.0000     0.0000    -0.0000    -0.0000     0.0000 
    0.0000    -0.0000     0.0000     0.0027     0.3115    -0.9502    -0.0054    -0.0000     0.0000    -0.0000     0.0000    -0.0000     0.0000     0.0000     0.0000    -0.0000    -0.0000     0.0000     0.0000    -0.0000 
    0.0000    -0.0000     0.0000     0.0000     0.9502     0.3115     0.0018     0.0000    -0.0000     0.0000    -0.0000     0.0000    -0.0000    -0.0000    -0.0000     0.0000     0.0000    -0.0000    -0.0000     0.0000 
   -0.0000     0.0000    -0.0000    -0.0000    -0.0000    -0.0057     1.0000     0.0007    -0.0000     0.0000    -0.0000     0.0000    -0.0000    -0.0000    -0.0000     0.0000     0.0000    -0.0000    -0.0000     0.0000 
    0.0000    -0.0000     0.0000     0.0000     0.0000    -0.0000    -0.0007     0.9995    -0.0310     0.0000    -0.0000     0.0000    -0.0000    -0.0000    -0.0000     0.0000     0.0000    -0.0000    -0.0000     0.0000 
    0.0000    -0.0000     0.0000     0.0000     0.0000    -0.0000     0.0000     0.0310     0.9995    -0.0001     0.0000    -0.0000     0.0000     0.0000     0.0000    -0.0000    -0.0000     0.0000     0.0000    -0.0000 
    0.0000    -0.0000     0.0000     0.0000     0.0000    -0.0000     0.0000     0.0000     0.0001     0.9999    -0.0135     0.0030    -0.0000    -0.0000    -0.0000     0.0000     0.0000    -0.0000    -0.0000     0.0000 
    0.0000    -0.0000     0.0000     0.0000     0.0000    -0.0000     0.0000     0.0000     0.0000     0.0138     0.9759    -0.2177     0.0008     0.0000     0.0000    -0.0000    -0.0000     0.0000     0.0000    -0.0000 
   -0.0000    -0.0000     0.0000     0.0000     0.0000    -0.0000     0.0000     0.0000     0.0000     0.0000     0.2177     0.9760    -0.0036    -0.0000    -0.0000     0.0000     0.0000    -0.0000    -0.0000     0.0000 
   -0.0000     0.0000    -0.0000     0.0000    -0.0000     0.0000    -0.0000    -0.0000    -0.0000    -0.0000     0.0000     0.0037     1.0000     0.0000     0.0000    -0.0000    -0.0000     0.0000     0.0000    -0.0000 
    0.0000    -0.0000     0.0000    -0.0000     0.0000    -0.0000     0.0000     0.0000     0.0000     0.0000    -0.0000     0.0000    -0.0000     1.0000     0.0001    -0.0000    -0.0000     0.0000     0.0000    -0.0000 
    0.0000    -0.0000     0.0000     0.0000     0.0000    -0.0000     0.0000     0.0000     0.0000     0.0000    -0.0000     0.0000     0.0000    -0.0001     0.9989    -0.0464    -0.0000     0.0000     0.0000    -0.0000 
    0.0000    -0.0000     0.0000     0.0000     0.0000    -0.0000     0.0000     0.0000     0.0000     0.0000    -0.0000     0.0000     0.0000    -0.0000     0.0464     0.9989     0.0000    -0.0000    -0.0000     0.0000 
   -0.0000     0.0000    -0.0000    -0.0000    -0.0000     0.0000    -0.0000    -0.0000    -0.0000    -0.0000     0.0000    -0.0000    -0.0000     0.0000     0.0000    -0.0000     1.0000    -0.0000    -0.0000     0.0000 
   -0.0000     0.0000    -0.0000    -0.0000    -0.0000     0.0000    -0.0000    -0.0000    -0.0000    -0.0000     0.0000    -0.0000    -0.0000     0.0000     0.0000     0.0000     0.0000     1.0000     0.0000    -0.0000 
    0.0000    -0.0000     0.0000     0.0000     0.0000    -0.0000     0.0000     0.0000     0.0000     0.0000    -0.0000     0.0000     0.0000    -0.0000    -0.0000    -0.0000     0.0000    -0.0000     1.0000     0.0000 
    0.0000    -0.0000     0.0000     0.0000     0.0000    -0.0000     0.0000     0.0000     0.0000     0.0000    -0.0000     0.0000     0.0000    -0.0000    -0.0000    -0.0000     0.0000    -0.0000    -0.0000    -1.0000 

Eigenvalues diagonal matrix:

R =
  -45.5650    -0.8137    -0.0971     0.0000    -0.0000     0.0000     0.0000    -0.0000    -0.0000    -0.0000     0.0000    -0.0000     0.0000     0.0000     0.0000    -0.0000    -0.0000     0.0000     0.0000     0.0000 
    0.0000    44.6205     0.0256     0.0054     0.0000    -0.0000     0.0000     0.0000    -0.0000     0.0000    -0.0000     0.0000    -0.0000     0.0000     0.0000     0.0000    -0.0000    -0.0000     0.0000    -0.0000 
    0.0000     0.0000   -41.5212    -0.1096     0.0041     0.0000     0.0000    -0.0000    -0.0000    -0.0000    -0.0000    -0.0000     0.0000     0.0000     0.0000    -0.0000    -0.0000     0.0000     0.0000     0.0000 
   -0.0000    -0.0000    -0.0000    38.7244     0.0766    -0.0890    -0.0000    -0.0000    -0.0000    -0.0000    -0.0000    -0.0000     0.0000    -0.0000     0.0000    -0.0000    -0.0000     0.0000     0.0000     0.0000 
    0.0000     0.0000     0.0000     0.0000   -34.2596    -0.4755    -0.1846    -0.0000    -0.0000    -0.0000     0.0000     0.0000    -0.0000     0.0000    -0.0000     0.0000     0.0000    -0.0000    -0.0000    -0.0000 
   -0.0000    -0.0000    -0.0000    -0.0000     0.0000    34.1041     0.1274    -0.0001     0.0000     0.0000     0.0000     0.0000    -0.0000    -0.0000    -0.0000    -0.0000    -0.0000     0.0000    -0.0000     0.0000 
   -0.0000    -0.0000    -0.0000    -0.0000     0.0000     0.0000   -32.9902     0.0045    -0.0006    -0.0000     0.0000    -0.0000     0.0000     0.0000     0.0000    -0.0000     0.0000    -0.0000    -0.0000    -0.0000 
   -0.0000    -0.0000    -0.0000    -0.0000     0.0000    -0.0000     0.0000    26.6386     0.0222    -0.0001    -0.0000     0.0000    -0.0000    -0.0000    -0.0000    -0.0000    -0.0000     0.0000     0.0000     0.0000 
    0.0000     0.0000     0.0000    -0.0000     0.0000    -0.0000    -0.0000    -0.0000   -25.9225    -0.0003     0.0000    -0.0000    -0.0000     0.0000     0.0000    -0.0000     0.0000     0.0000    -0.0000    -0.0000 
   -0.0000    -0.0000    -0.0000     0.0000     0.0000     0.0000     0.0000     0.0000     0.0000    22.5439     0.0531    -0.0576     0.0000    -0.0000     0.0000     0.0000     0.0000    -0.0000    -0.0000     0.0000 
    0.0000     0.0000     0.0000    -0.0000    -0.0000     0.0000    -0.0000    -0.0000    -0.0000     0.0000   -19.1573    -0.1580     0.0150     0.0000    -0.0000     0.0000     0.0000    -0.0000    -0.0000     0.0000 
   -0.0000    -0.0000    -0.0000     0.0000     0.0000    -0.0000     0.0000     0.0000     0.0000     0.0000     0.0000    18.4471     0.1313    -0.0000     0.0000    -0.0000     0.0000    -0.0000    -0.0000    -0.0000 
    0.0000     0.0000     0.0000    -0.0000    -0.0000    -0.0000    -0.0000    -0.0000    -0.0000     0.0000    -0.0000     0.0000    17.1678    -0.0000    -0.0000     0.0000     0.0000     0.0000    -0.0000    -0.0000 
    0.0000     0.0000     0.0000    -0.0000    -0.0000     0.0000    -0.0000     0.0000    -0.0000    -0.0000    -0.0000    -0.0000     0.0000   -12.3152     0.0034     0.0001    -0.0000     0.0000     0.0000    -0.0000 
    0.0000     0.0000     0.0000    -0.0000    -0.0000     0.0000    -0.0000     0.0000    -0.0000    -0.0000    -0.0000    -0.0000     0.0000     0.0000   -10.4523    -0.0368    -0.0000     0.0000    -0.0000    -0.0000 
   -0.0000    -0.0000    -0.0000     0.0000     0.0000    -0.0000     0.0000    -0.0000     0.0000     0.0000     0.0000    -0.0000    -0.0000    -0.0000    -0.0000     9.6597    -0.0000     0.0000     0.0000    -0.0000 
   -0.0000    -0.0000    -0.0000     0.0000    -0.0000    -0.0000     0.0000    -0.0000     0.0000     0.0000     0.0000    -0.0000    -0.0000    -0.0000    -0.0000    -0.0000    -7.7988    -0.0000    -0.0000    -0.0000 
    0.0000     0.0000     0.0000    -0.0000     0.0000     0.0000    -0.0000     0.0000    -0.0000    -0.0000    -0.0000    -0.0000     0.0000     0.0000     0.0000     0.0000    -0.0000     5.6688    -0.0000    -0.0000 
    0.0000     0.0000     0.0000    -0.0000     0.0000     0.0000    -0.0000     0.0000    -0.0000    -0.0000    -0.0000     0.0000     0.0000     0.0000     0.0000     0.0000    -0.0000    -0.0000    -3.8966    -0.0000 
   -0.0000    -0.0000    -0.0000     0.0000    -0.0000    -0.0000     0.0000    -0.0000     0.0000     0.0000     0.0000    -0.0000    -0.0000    -0.0000    -0.0000    -0.0000     0.0000     0.0000     0.0000     1.2117 

Eigenvalues of matrix A:

  -45.5650 
   44.6205 
  -41.5212 
   38.7244 
  -34.2596 
   34.1041 
  -32.9902 
   26.6386 
  -25.9225 
   22.5439 
  -19.1573 
   18.4471 
   17.1678 
  -12.3152 
  -10.4523 
    9.6597 
   -7.7988 
    5.6688 
   -3.8966 
    1.2117 

real	0m0.403s
user	0m0.403s
sys	0m0.000s

Input file: input/50x50_symmetric

A =
   -7.4809    -6.9005    -6.7935    -4.6330    -6.5377     3.2849     8.1665    -6.9669     8.0348    -9.4296    -0.6508    -4.3728     4.2236    -1.6240     8.7928     0.6997    -6.0435     2.6705    -6.6045     7.0541     8.3528     7.1627    -4.9836    -0.6455    -1.1155     5.6475    -3.4506    -7.7851    -7.4786     1.5357     0.0588    -4.9595     4.6351     3.2653     0.4075     8.0974    -3.4499    -1.4260    -8.8695    -5.4151    -0.8556     0.4797     0.2121    -6.6320     8.8556    -0.9951     4.0677    -7.1879    -8.3245     7.4632 
   -6.9005    -9.9717     4.6258    -5.1173    -0.6173    -6.4897    -9.4698     5.9322    -4.2749    -6.9484    -2.5321     5.7839    -1.9080    -7.8970    -0.9508     8.4995    -9.7996     5.5993    -2.9265    -8.6691    -9.8158     6.2179     1.8106     0.3963     9.5859     0.6662     9.4013     3.6536     3.4783    -8.9233     1.1167     3.3445    -8.8950    -4.2575     8.2272     0.4878    -0.7472     8.7574    -3.5801     4.9779    -8.1910     3.8878     0.7619    -0.0990     5.9908     9.8110    -1.5995     6.1911     5.4103     5.4740 
   -6.7935     4.6258     1.6920    -0.6674    -4.0091     1.2779     9.9988    -4.6078    -5.0685     3.4771    -3.5311     6.0482    -3.1784    -2.4261    -8.2093    -4.9511     8.0617     1.0436    -6.1938    -5.5184    -3.9785    -4.3848     8.3694     6.7834     5.5162     4.3602     6.5944    -6.0833     0.5513     2.0048     9.3908    -1.9267    -2.4007     1.0828     7.4059     3.5902    -7.6393     7.4047     8.9824    -2.7078     0.8818    -4.5487    -6.6596     7.7035     3.0252    -4.8689    -7.2477     1.0868     6.1747    -3.4414 
   -4.6330    -5.1173    -0.6674     3.9378     8.9796    -2.3100    -1.7020     5.5740     1.6067     8.8493    -2.4213     0.9975    -3.0774     5.1780    -7.9197    -5.6714    -1.2318    -5.5591    -8.2667    -2.2494     1.7331     2.6151     3.2018     5.0735     0.3186    -3.7730    -9.7954     3.0709     7.3138     6.3793     9.6294     2.8823     8.5755     1.8032    -3.1799     7.5550     9.4932     5.1181     3.1290     1.0999     3.9674    -9.2923    -7.9026    -9.1100     5.8858    -5.8224    -4.7814    -5.3460    -1.3814    -3.0481 
   -6.5377    -0.6173    -4.0091     8.9796     5.4251    -0.1144     1.8334     5.6298    -7.0436    -0.8528     2.0090    -7.4141    -7.9705     0.5845     4.3891    -1.1504    -1.8605     3.8822    -6.0323    -8.7315    -5.0179     7.9351    -8.0237    -2.9205     8.8252     7.8620     1.2571    -5.9562    -7.4840     9.8757     0.9957     4.9206    -9.7727     0.5627    -9.4730     5.6525    -9.5518     2.3604     1.2822    -6.5953    -8.4924    -6.7087    -4.0095    -6.4629     3.8758    -9.6204     2.3867    -7.9847     4.2618     6.3545 
    3.2849    -6.4897     1.2779    -2.3100    -0.1144     3.1148    -6.8779     7.5806     7.1586    -4.3618     7.4563    -1.8457    -9.4413     7.6836     8.7170    -8.9143     3.3361     9.1652     3.4461    -5.3817    -7.4301     4.9537    -2.0904    -1.4395     8.4908    -8.2146    -1.0599     0.8775    -6.1993    -6.7981    -2.7680    -2.9155    -7.5541    -8.4784     2.3447    -1.2306     4.6364     5.4668    -3.6500     1.7950    -8.8951    -6.1938     9.9493    -8.3363    -8.5102     8.6663    -7.2506     4.8259     7.8315     6.1955 
    8.1665    -9.4698     9.9988    -1.7020     1.8334    -6.8779    -0.8607     7.9020    -9.4824     2.9400    -8.8961    -2.2504    -9.9755    -6.4502    -0.7289     2.3692     2.3192    -6.0925    -2.1640     8.6691     5.7025    -1.0591    -7.5247     5.6518     0.6046    -6.0348     4.3181     3.3540     8.7911     2.1496    -0.4505     8.2354     2.5511    -9.3013    -4.4107    -8.4870     0.3388     4.7286     9.4149     0.8563    -2.3315    -9.4812     8.6059    -2.3069    -5.9314    -2.1230    -9.9377     6.3878     1.7845    -2.1018 
   -6.9669     5.9322    -4.6078     5.5740     5.6298     7.5806     7.9020     7.4569    -9.2023    -9.7114    -0.3935     0.3472     8.5239    -7.8424     1.0459    -5.8868    -6.3294    -8.6153     8.8418    -6.9145     2.2410    -3.4897    -6.3957     0.8469     4.2034    -2.3270     8.7239     4.2656    -5.9393     0.5084    -7.8362     9.1176     7.9955     9.0030     6.6499    -8.8656    -3.5533     8.1473     8.5913    -2.7557     8.4358    -1.8022     7.5915     6.9598     0.3554    -1.3626    -8.9270     4.0260     0.0221     9.9148 
    8.0348    -4.2749    -5.0685     1.6067    -7.0436     7.1586    -9.4824    -9.2023     4.8941     2.4496    -7.6577     7.0579     1.5672    -9.6622     6.0609    -1.7830    -8.5279    -7.4925    -3.6357    -9.9366    -0.2481    -5.1998    -1.7387    -2.6566    -8.2400     8.6167     5.9808    -7.1670     2.6427    -3.9971    -7.2523    -0.2458    -1.7340    -0.8272     0.4701    -8.6240    -0.1987     8.8589     3.2098    -5.3047     1.3084     5.5521    -8.2467    -7.1244     5.8899     7.8142     1.0926     7.3621    -9.6783     7.4570 
   -9.4296    -6.9484     3.4771     8.8493    -0.8528    -4.3618     2.9400    -9.7114     2.4496     6.9461     9.4008    -0.4022    -3.2997    -2.3332     8.7707     7.1704    -0.9572    -1.4281     6.0293    -7.7474     3.2673    -2.6623     7.8047     5.0205     0.2133     3.6947     2.8347    -8.6941     1.0567     3.1564     8.7629    -1.5178    -6.7700    -8.9800     4.1690    -9.3530    -4.9628     8.4724     4.0448     1.8873     5.4185     3.4455    -8.5149    -7.8811    -8.8877    -9.7442     9.2893     0.1551    -1.1723     5.3185 
   -0.6508    -2.5321    -3.5311    -2.4213     2.0090     7.4563    -8.8961    -0.3935    -7.6577     9.4008    -6.8935     2.9382    -6.5540    -3.6636     3.9583     7.6149    -3.0166     8.9954     6.0873    -8.9718     0.8827     1.5059     4.4737     2.3678     3.6248     5.5861     2.6236     2.9140    -4.2589    -8.5488    -1.7675     8.1488    -6.4539     0.8887    -1.6388    -9.3384    -6.2418     2.2683     0.6117     7.9335    -2.7680     3.7181     0.8718     0.6780    -9.9454    -5.1700    -1.7070    -2.9620    -6.1745    -5.6197 
   -4.3728     5.7839     6.0482     0.9975    -7.4141    -1.8457    -2.2504     0.3472     7.0579    -0.4022     2.9382     0.6575    -7.9840    -5.3031    -8.4537     0.3772    -4.6416    -4.6956    -7.3545     5.9701    -6.7620    -0.1225    -0.3117     4.1098    -9.4445    -0.2572     8.9398    -1.1515     6.7808    -7.2347     3.2288    -5.1530     7.4734    -0.8850    -2.6130    -5.4506     8.6260    -4.4870    -5.7510    -8.9490    -0.6199    -4.6003     1.7085     1.3961     0.0966     3.2548    -8.2267     5.4550     8.5592    -5.5813 
    4.2236    -1.9080    -3.1784    -3.0774    -7.9705    -9.4413    -9.9755     8.5239     1.5672    -3.2997    -6.5540    -7.9840     2.4841     5.0855    -3.9559     9.8711     9.6349    -5.3300    -4.6159    -6.1162    -4.2790     4.7642    -0.7165     7.4295    -3.8397     9.3801     0.6843    -2.0665     4.8351    -0.7565     2.3522    -3.7397     1.0407    -3.3515    -2.6263    -3.0524    -8.4998     8.2300    -8.2056    -4.7995    -4.1330     9.4064    -7.8705     8.3512     4.4918    -1.8264     8.2223     4.1267     2.8437    -6.3936 
   -1.6240    -7.8970    -2.4261     5.1780     0.5845     7.6836    -6.4502    -7.8424    -9.6622    -2.3332    -3.6636    -5.3031     5.0855    -3.0373     1.4650     5.1433     3.9103     2.9652     3.3733     5.7047     8.1657     9.2403     5.1111    -9.7048     7.5915    -0.3971    -1.5312     5.8138    -6.2704    -8.6875     9.4202    -8.2598     9.8772     7.7907    -0.9657     5.8714    -7.6785     5.7084    -7.4501     4.7859     7.2178     8.4718     9.6024    -5.0126    -4.5655     1.0674    -9.8693     9.3448    -5.9673     3.5040 
    8.7928    -0.9508    -8.2093    -7.9197     4.3891     8.7170    -0.7289     1.0459     6.0609     8.7707     3.9583    -8.4537    -3.9559     1.4650    -6.6395     4.2676    -1.9765    -4.3179    -0.0240     0.5734    -9.5321    -2.8062    -0.9548    -9.9296     2.1812     4.4797     1.1378     2.3119     3.8245     5.1705    -4.1841    -1.1260     7.3689     8.5602     9.0346     9.8625    -1.1039     8.7981     0.8249     5.0457    -7.7087    -6.9001    -9.3845    -2.4754     5.2520    -6.0240    -8.2078    -6.7244    -0.3419     1.7682 
    0.6997     8.4995    -4.9511    -5.6714    -1.1504    -8.9143     2.3692    -5.8868    -1.7830     7.1704     7.6149     0.3772     9.8711     5.1433     4.2676     9.1071     3.7360     6.7273     7.9052    -5.4391     1.7731    -9.8035    -2.3392     2.3886    -2.2788    -7.0872     6.3646    -0.4866    -3.8116    -3.9773    -8.7184    -9.9627     6.1487    -9.7564    -7.0685    -3.6548     1.3868    -9.6947    -2.3206     4.8419     1.5037    -5.8159    -5.8871     1.5762     8.0576     1.9442     0.6833     1.7936    -1.3285    -1.4115 
   -6.0435    -9.7996     8.0617    -1.2318    -1.8605     3.3361     2.3192    -6.3294    -8.5279    -0.9572    -3.0166    -4.6416     9.6349     3.9103    -1.9765     3.7360     7.7144     8.9316     6.3906    -4.6062     3.7735    -2.1056    -0.4222     7.8864     9.4705    -2.3646    -0.1694     0.1538     9.4291     8.5022     8.7423     5.7836     8.9468    -2.4727     9.7990     1.7800    -5.9666    -3.2728    -9.0223     0.0529     9.8437     6.1982     7.3540     2.9976    -2.4325    -5.1012    -0.9171    -4.7181    -6.1697    -4.5265 
